0.999999999896932 -2.95308011106805e-06 -1.40504889303174e-05 8.92356958543843e-05 2.95321280350076e-06 0.999999999951045 9.44396124213615e-06 -2.67373445626236e-05 1.40504610408554e-05 -9.44400273524658e-06 0.999999999856698 4.25161675152775e-05
0.999998478487222 0.000726725923480712 0.00158584131426389 -0.00571200002131159 -0.000725484253722498 0.999999429972798 -0.000783407095689076 -0.0222072889986754 -0.00158640973253628 0.000782255400822768 0.999998435689101 1.21166204726077
0.999994293345631 0.001132907088801 0.00318273431204746 -0.00994822862303686 -0.00113156084964446 0.999999269578116 -0.00042475084331086 -0.0422169633309472 -0.00318321319055003 0.000421146961862271 0.999994844881222 2.40632606338872
0.999992327613737 0.000408886554316885 0.00389583437111295 -0.0112822102058416 -0.000409400177011929 0.999999907609691 0.000131042376875624 -0.0663223801689148 -0.00389578042970966 -0.000132636326749034 0.999992402622364 3.6196895405989
0.999987070305108 0.000232941405638477 0.00507985835509606 -0.0117902423192772 -0.000232905460398843 0.999999972848127 -7.66759792449759e-06 -0.0857654974269454 -0.00507986000326943 6.48437203584131e-06 0.999987097406912 4.81037794964348
0.999983869551124 -0.000265576013276378 0.0056736326054283 -0.012501827737584 0.000264237385361008 0.999999937078999 0.000236686716621691 -0.108074277039911 -0.00567369510675225 -0.000235183712913551 0.99998387680625 6.02211656034488
0.999976305409393 0.000362636402567208 0.00687438103542976 -0.0106382443951114 -0.000356855131923067 0.99999958168028 -0.000842195748620969 -0.13011451460087 -0.00687468357057715 0.000839722634986207 0.999976016508246 7.21637496271988
0.999972778270198 -0.000136324755331509 0.00737727145647245 -0.0105246296878987 0.000144108227049078 0.999999433589198 -0.00105453975823786 -0.151915727330275 -0.00737712351803168 0.00105557417735155 0.999972231520334 8.43118901034452
0.999969662328445 -0.000354919734048558 0.00778128875692243 -0.00510400141562385 0.000352141715925701 0.999999873780068 0.000358379771236495 -0.174506972213189 -0.00778141497082179 -0.000355628782453727 0.999969661094386 9.62220704698708
0.999979508602005 -0.0013811437531766 0.00625098536431648 -0.00563849101684245 0.00137240582172359 0.999998075556154 0.00140192234065057 -0.195628930677537 -0.00625290959092939 -0.00139331472459644 0.999979479687321 10.8391356710425
0.999989188229827 -0.00210990861967095 0.00414387609228475 -0.00337480054878642 0.00210648248865253 0.999997436094973 0.000830984358837641 -0.218477305383603 -0.00414561876884153 -0.000822246372002192 0.999991068838081 12.0198940835367
0.999996063694026 -0.00210391146646432 0.00185638169403012 -0.010512143668097 0.00210292739642792 0.999997647389849 0.000531893910492642 -0.239506389199186 -0.00185749638438493 -0.000527987980872861 0.999998135466199 13.2301894197779
0.999998297507269 -0.00174689986533188 0.000594410147392466 -0.01675400769969 0.00174665583212194 0.999998390209451 0.000410818585408953 -0.261507677545327 -0.000595126849448156 -0.000409779656042682 0.999999738952299 14.4231485740348
0.999999995060527 7.33780593329818e-05 6.70418214667335e-05 -0.0219439054003914 -7.33860596120459e-05 0.999999990186464 0.00011933799677295 -0.283094554869641 -6.70330640182083e-05 -0.00011934291611859 0.999999990631918 15.6085011309788
0.999999758941516 -0.000367773052662672 -0.000588948122673026 -0.0323424547846057 0.000367927275024029 0.999999898052005 0.000261773757579766 -0.305056923167727 0.000588851789297014 -0.000261990384554886 0.999999792307283 16.8148105549661
0.999999268472896 -0.000725618518131347 -0.0009677455446034 -0.0361272118841464 0.000726257665090865 0.999999518302103 0.000660261589246769 -0.325300064653039 0.000967265980406438 -0.000660963938867146 0.999999313761362 18.0098582420055
0.999998309532248 -0.00109213757512806 -0.00147924580926611 -0.0477770631908416 0.00109345559230067 0.999999005690091 0.00089049070557005 -0.346105816074262 0.00147827180007749 -0.000892106689826758 0.999998509427959 19.2160843927512
0.999997535802021 -0.000714953805735837 -0.00210172094742992 -0.0594825575250902 0.000714737162973237 0.99999973918523 -0.000103828030179957 -0.366813904475253 0.00210179463151537 0.000102325596259807 0.999997785991949 20.4217528023658
0.999995956619713 -0.00106083490051673 -0.00263844149818921 -0.0622216898586286 0.0010584479746771 0.999999029511992 -0.000905904497562255 -0.390052948221296 0.00263939995272092 0.000903108181585805 0.999996108974181 21.610857324676
0.999994111346547 -0.000188180663149735 -0.00342663979266958 -0.0790240518562586 0.000186655568062863 0.999999883396161 -0.000445384512695032 -0.409269723650704 0.00342672320586318 0.000444742288582936 0.999994029868362 22.8368754242514
0.999991367918528 -0.0002683884034107 -0.00414633043731373 -0.0854524569570333 0.000266233464065576 0.999999829221889 -0.000520265254259197 -0.434555470350586 0.00414646936237219 0.000519156871371649 0.999991268595866 24.0118533256373
0.999987331108859 -0.000306886040200576 -0.00502428529645727 -0.100559072514613 0.000300568716326758 0.999999163465716 -0.00125806451117117 -0.455859247901879 0.00502466717590652 0.00125653842990682 0.999986586825516 25.2374325097617
0.999982553513383 -1.40310312668493e-05 -0.00590698501642206 -0.114652933845941 1.07060661422642e-05 0.999999841504198 -0.00056291825266543 -0.478181684433974 0.00590699197851334 0.000562845191147381 0.999982395170563 26.4395929792854
0.999977502524352 -0.00129969492867236 -0.00658067156545301 -0.124531551703826 0.00130792865934346 0.999998367092864 0.00124705021021603 -0.501790256488006 0.00657904003499343 -0.00125562920367248 0.999977569562198 27.6263090336311
0.999970629466043 -0.00153293303374362 -0.00750934894647413 -0.139988832344909 0.00154321417397066 0.999997879664242 0.00136350908826517 -0.52223716837774 0.00750724285600982 -0.00137505757500668 0.999970874836546 28.8603676122668
0.99996387520449 -0.0021961470838508 -0.0082112863794884 -0.156239573066004 0.00219999113418803 0.999997474611982 0.0004591390504092 -0.542082404940163 0.00821025730591753 -0.000477187221340046 0.999966181411815 30.0628941149034
0.999954807679838 -0.0026784874028892 -0.00912185853927639 -0.1719069446021 0.00267355114231722 0.999996272986121 -0.000553297529194744 -0.563241430829228 0.00912330654244502 0.000528884769077922 0.999958241907448 31.2238001420839
0.999949045764735 -0.00225848971948229 -0.00983895819602563 -0.192024617986248 0.0022528193894089 0.999997289903466 -0.000587358938037129 -0.583038834132244 0.00984025807562233 0.000565163613816025 0.999951423775723 32.4354271472834
0.999942553456558 -0.00274419940366486 -0.0103614263695212 -0.209380470801381 0.0027446247858764 0.999996233150236 2.68351075911234e-05 -0.607099817991122 0.0103613136986984 -5.52717936377705e-05 0.999946318620888 33.6689462269695
0.999934345637623 -0.00309710273566781 -0.0110323328858493 -0.232405213531498 0.00310020985089591 0.999995159345302 0.000264546489142855 -0.626047593754777 0.0110314601544801 -0.000298731667602864 0.999939106969145 34.8408584061381
0.999926821260579 -0.00360222350462842 -0.0115488574992257 -0.24864686351785 0.00360475092520725 0.999993483254769 0.000198037271062756 -0.650410791961098 0.0115480688637511 -0.000239653533700322 0.999933290110746 36.0861344449739
0.999920395117244 -0.00379300552163904 -0.0120339743097594 -0.269850889776924 0.00379477710359225 0.999992792071648 0.00012438441700998 -0.670232362406854 0.0120334157789543 -0.000170040765578939 0.999927581373186 37.2618634403477
0.999916506417021 -0.00454104990630938 -0.0120978948800461 -0.288977199019025 0.00454911784295839 0.999989448257934 0.000639452612618619 -0.691675276539892 0.0120948634399531 -0.000694433971889899 0.999926613327112 38.45795238156
0.999918116870731 -0.00446489928750697 -0.0119926739321801 -0.313640715502199 0.00448702455209241 0.999988279537138 0.00181862558622242 -0.707276989004728 0.0119844133924065 -0.00187228809384738 0.999926431480303 39.6758104333253
0.999920395371533 -0.00406571970719929 -0.0119445738015466 -0.335418761940381 0.00409705829349325 0.999988226025333 0.00260036998285446 -0.726085174177059 0.0119338607909519 -0.00264910059652396 0.999925279824774 40.8862315675169
0.999925025824776 -0.00305049010152507 -0.0118590572754327 -0.355180660315772 0.00307848460035529 0.999992516465752 0.00234306317847772 -0.754129688273125 0.0118518210367382 -0.00237939543444556 0.999926933738401 42.1151359223606
0.999931478610132 -0.00208738537946993 -0.0115187198434869 -0.384558090704342 0.0021128346829572 0.999995353099431 0.00219765992527846 -0.764658612023219 0.0115140789539441 -0.00222184648935451 0.999931242328201 43.3189065992708
0.999938171917137 0.00067979712558488 -0.0110991089228954 -0.401530897395048 -0.000633646678188115 0.999991142167185 0.00416101899239272 -0.788577173652325 0.0111018392575947 -0.00415372881106582 0.999929745383176 44.5045421706944
0.99995724213221 0.00062139958871107 -0.00922647115076283 -0.428394983663748 -0.000556043458098378 0.999974750571027 0.00708442207128954 -0.798771114899775 0.00923064044459619 -0.00707898883758254 0.999932339308025 45.7729684274377
0.999970860440927 0.00143861270144557 -0.00749724366203447 -0.439548236970952 -0.00136437040126504 0.999950079467372 0.00989833655746468 -0.813353744336889 0.00751110926833237 -0.00988781910695829 0.99992290416355 46.9178670199434
0.999981591512807 0.00172880263739045 -0.00581617373840379 -0.462755047488304 -0.00165187690769179 0.999911444652274 0.0132050806920937 -0.817533388355594 0.0058384876634434 -0.0131952300034453 0.999895893564405 48.1995890851246
0.999988606902259 0.00122597612356417 -0.0046133554191375 -0.465091866348322 -0.00115852633574147 0.999892817223757 0.0145949265522946 -0.831075165589746 0.00463075397837417 -0.0145894155771206 0.999882845672787 49.3306483393855
0.999995437302035 -0.000597121157249732 -0.00296121958574773 -0.481707398980251 0.00063542354048347 0.999915935081292 0.0129506373367791 -0.830408232040778 0.00295323755151032 -0.0129524598755658 0.99991175219173 50.6161207376508
0.999998128004672 0.000469650511724986 -0.00187707632980875 -0.483056880822885 -0.000448491578407993 0.99993653906756 0.0112568509315176 -0.838671567804785 0.00188224399459499 -0.0112559880058193 0.99993487782533 51.7761569926205
0.999998938528591 0.000955179628844893 -0.00110026068197529 -0.499343846210644 -0.000943275730926308 0.999941564056428 0.0107693408935044 -0.844298977430745 0.00111048304224172 -0.0107682916129579 0.999941403644809 53.0293457365115
0.999999339601349 0.000467291242211586 -0.00104996940920202 -0.500650666319054 -0.000456401918277216 0.999946359022766 0.0103475008771482 -0.855491639718066 0.00105474838435551 -0.0103470148356201 0.999945911932159 54.187211739047
0.999998161275104 -0.000302369958443942 -0.00189367864732405 -0.514227349944677 0.000319860671751548 0.999957232454676 0.00924288649368327 -0.863651667723604 0.00189080288813167 -0.00924347521188198 0.999955490524676 55.4125344798666
0.999994276143992 9.0946842353012e-05 -0.00338221937877219 -0.521788841963554 -5.84691642992436e-05 0.999953904413726 0.0096013347562973 -0.872216285128111 0.00338293668446547 -0.00960108204409911 0.999948186139148 56.60822179542
0.999988161070922 -6.71400086236032e-05 -0.00486551232817052 -0.536147054299851 0.000120368377286734 0.999940144088344 0.0109404639771798 -0.883962518803993 0.00486448655564867 -0.0109409201076263 0.999928313949429 57.8135204761482
0.999982496099818 -0.000140958209492775 -0.00591503379195323 -0.550653820091 0.00020734358509572 0.999936986882191 0.0112240488952248 -0.893176756152979 0.00591307894539653 -0.0112250788749056 0.999919513311765 59.0236914938755
0.999977140228867 0.00101581181800539 -0.00668484450430214 -0.562303717203008 -0.000942384223699762 0.999939293821903 0.0109781866867557 -0.902513433980865 0.00669559046471778 -0.0109716360359218 0.999917392723531 60.2864998671542
0.999972546323294 0.00115930383946512 -0.00731864839408502 -0.583882808410135 -0.00108004255992957 0.999940827703534 0.0108247216888249 -0.910459471742003 0.00733076447426751 -0.0108165200586684 0.999914627748811 61.4547146831977
0.999971848110315 0.000546003269556021 -0.00748363997463502 -0.592913765102122 -0.000468715968099054 0.999946582122538 0.010325367150658 -0.921548411276682 0.00748887789869552 -0.0103215687705054 0.999918687657119 62.665014379371
0.999969428827842 -0.000896919816816465 -0.0077676859206176 -0.615884886704324 0.000969602763950078 0.999955739260986 0.00935838605183211 -0.93022758827234 0.00775894839519502 -0.00936563152473913 0.999926039097864 63.8778965676073
0.999966444987469 -0.000889841816577793 -0.00814352998796878 -0.624920811030164 0.000976427906779172 0.999942973151305 0.010634708922705 -0.942920819275484 0.00813360237940976 -0.0106423036448538 0.999910288918693 65.1194189626038
0.999963135772736 -0.00132961850859463 -0.00848287747040517 -0.643049588847943 0.00143270271312135 0.999925067844078 0.0121575515607182 -0.950046871640125 0.00846607692453356 -0.0121692568235414 0.999890111327175 66.3218004816008
0.999962448343846 -0.00064476560030906 -0.00864211661000313 -0.654512548985193 0.000736504664074785 0.999943373508771 0.0106163711680583 -0.964347590691189 0.00863478216633344 -0.0106223374649293 0.999906298851908 67.5030511459857
0.999961980738664 0.00105159315672732 -0.00865628263402407 -0.679918655191543 -0.000971409202835233 0.999956634071197 0.00926209161925199 -0.96792525268137 0.00866564719845144 -0.00925333068875716 0.999919637985872 68.7582183021014
0.999956939390953 0.00327927084171119 -0.00868134474751536 -0.701654556495608 -0.00319569299732379 0.999948584440016 0.00962372187228736 -0.97892603600532 0.00871245718183828 -0.00959556455634525 0.999916005587819 69.9670403153284
0.999950253225476 0.00502869136011261 -0.00861413591205374 -0.716740910320684 -0.00494341632206125 0.999938850831912 0.00989228143661265 -0.994059850253559 0.00866335439500102 -0.0098492060674504 0.99991396601431 71.108900112167
0.999942774528297 0.00669623627891762 -0.00834314619001198 -0.741044519274199 -0.00661075920132782 0.999925809674411 0.0102309828342503 -1.00169472107229 0.0084110362877034 -0.010175242830988 0.99991285565388 72.3890538761094
0.999947663824852 0.00716561120155124 -0.00730230287841776 -0.757929738402724 -0.00708315807529885 0.999911568776226 0.0112553764551853 -1.01280999893479 0.0073823087784428 -0.0112030640262302 0.999909992386077 73.5840745656512
0.999945558411905 0.0089680913227496 -0.00533418694178647 -0.772696057570104 -0.00890331446537019 0.999887806614859 0.012045960918823 -1.02411512321812 0.00544161775888677 -0.0119978131738207 0.99991321687195 74.7182623582441
0.999967674849315 0.00756861518075863 -0.00271391243423268 -0.786108736448574 -0.00754131703006582 0.999922243196059 0.00993157083311704 -1.03603595878103 0.00278886964685193 -0.00991078331953493 0.999946997885431 75.9404346179544
0.999989252179385 0.00462854751770755 -0.000268465249397388 -0.784493840896102 -0.0046271518615303 0.999976868884158 0.00498509400976502 -1.04856970337732 0.000291532784001041 -0.00498379820139035 0.999987538304415 77.0691816446986
0.999981055698697 0.0057134078216566 0.00229024338957436 -0.790026932107419 -0.00572355660756723 0.999973720958916 0.00444952709174965 -1.06055899356793 -0.00226476124128555 -0.0044625511362531 0.99998747816854 78.2573383583757
0.999976830424111 0.00461408861523323 0.00500487774075869 -0.788016405274965 -0.00465448487218386 0.999956443000733 0.00808998590212415 -1.07789770400637 -0.00496733183145422 -0.00811309358831334 0.999954750639699 79.4389187467901
0.999951321992443 0.00511565272633411 0.00843704585443372 -0.787266166507934 -0.00519425568854553 0.999943068093228 0.00932095918579439 -1.09030760771761 -0.00838888272705485 -0.00936432963349662 0.999920964865277 80.620818783637
0.999909363236018 0.00519459777078459 0.0124210090951184 -0.778949923007095 -0.00528859134243874 0.999957539881534 0.00754647173734143 -1.10287723320187 -0.0123812808123366 -0.00761147739072847 0.999894379070798 81.8025661583803
0.999864582375472 0.00447955083961018 0.0158351045275618 -0.767231607512729 -0.00455166089818091 0.999979422585884 0.00452070656763385 -1.1179168685834 -0.0158145279471577 -0.00459217041038599 0.999864397144298 82.9665226515714
0.999813500452115 0.00304848362089844 0.0190701615436954 -0.752125817773281 -0.00307050258629761 0.99999465266753 0.00112545555848142 -1.13684089959604 -0.0190666286363653 -0.00118380064186963 0.999817514493762 84.1651679951873
0.999740890594433 0.00261253217814511 0.0226125263751718 -0.730193232858385 -0.00261745013817109 0.999996556819453 0.000187893622590642 -1.15732694970484 -0.0226119576380258 -0.000247032097870874 0.999744286478757 85.3109930819333
0.999651773468227 0.00238068876467753 0.0262804893948742 -0.707095325611718 -0.00243310884446136 0.999995113605025 0.00196284167087007 -1.17953289034882 -0.0262756880629102 -0.00202610144850604 0.999652681249713 86.4825524270947
0.999548480050521 0.0032909992179977 0.029866458659166 -0.68095639803457 -0.00336615343081574 0.999991292874341 0.00246641168192697 -1.20076902286361 -0.029858081649241 -0.00256583313013082 0.999550854864611 87.6744118676358
0.999425542999029 0.00300885390747902 0.0337569370538824 -0.649922512356488 -0.00302167491936985 0.999995380676826 0.000328794298771857 -1.22158051698115 -0.0337557918256702 -0.000430607910635512 0.999430018107846 88.8119445343274
0.999307324509644 0.00297897193293558 0.0370944322991877 -0.614514417753775 -0.00290794386435204 0.999993834226527 -0.00196859630498219 -1.24347506011667 -0.0371000679764608 0.00185936417976528 0.999309825690206 89.9645186028441
0.999192807010729 0.00286018557920241 0.0400693618176384 -0.572893488448363 -0.00277078424031737 0.999993547267202 -0.00228652108067722 -1.26759675299215 -0.0400756431353747 0.00217365186064719 0.999194284443659 91.1541228791485
0.999070921010764 0.00146715022060419 0.0430713624225307 -0.530675475615432 -0.00142239489816328 0.999998416239264 -0.00106972506669931 -1.28837037163729 -0.0430728636551656 0.00100746672144883 0.999071425588455 92.3015239074106
0.998950722507197 0.000830054263613653 0.0457904467358517 -0.485088371823187 -0.000847748287252529 0.999999573318748 0.000366994773102628 -1.30995025958028 -0.0457901225723504 -0.000405428466540081 0.998950999950732 93.458831926208
0.998824235804189 0.000125462174860974 0.0484781417694725 -0.43453751924022 -0.000233300050180456 0.999997511219145 0.00221881197990128 -1.32916529351807 -0.0484777427410248 -0.00222751313312554 0.998821779219885 94.6247907388071
0.998700226862368 -0.00137560181809277 0.0509506092671333 -0.381364201068197 0.00121198464318825 0.999994010096185 0.00324204641790087 -1.34777967798401 -0.0509547638428313 -0.00317608113706308 0.998695911952348 95.7817517984132
0.998586090831867 -0.00263983535143664 0.0530928476016153 -0.320047006904083 0.00259637984382658 0.999996235625582 0.000887438095241884 -1.36986454009075 -0.053094990430714 -0.000748334139018681 0.998589185795229 96.9861633295268
0.998450312867623 -0.00395324715533697 0.0555098601284039 -0.268552559195416 0.0041073401705979 0.999988021299517 -0.00266214466172381 -1.38835497636233 -0.0554986710766045 0.00288601704876667 0.998454590061223 98.0925451528335
0.998334406496182 -0.00331666949442553 0.0575969835093921 -0.210116851836175 0.0036357256482389 0.999978617905189 -0.00543555254213142 -1.41213342969493 -0.0575777240339281 0.00563590595133387 0.998325118515597 99.2623744994914
0.998247923742655 -0.00337233916731205 0.0590737680533404 -0.131987771613511 0.00375910231163479 0.999972215313461 -0.00643721608306576 -1.43696125310582 -0.059050418231287 0.0066480019276495 0.998232864704965 100.481568744291
0.998225116604943 -0.00324818643712042 0.0594648287975158 -0.076554279103616 0.003593678103792 0.999977274697598 -0.00570399562154623 -1.46220550568353 -0.0594449498000838 0.00590756914762744 0.998214104573779 101.653382873771
0.998268154026454 -0.00311367445026063 0.0587451928929778 -0.0153162336393538 0.00334696908642901 0.999986897504761 -0.00387332115074783 -1.48691419408188 -0.0587323629232629 0.00406323149969777 0.998265495594849 102.844384835224
0.998342001194673 -0.00377632631554747 0.0574368175491497 0.0558053757471182 0.00393001204906837 0.999988992922711 -0.00256301360061053 -1.51227050675141 -0.0574265065619526 0.00278449151215098 0.998345853375026 104.03448112916
0.998464889238674 -0.00337298413964195 0.0552855128907667 0.115663454755221 0.0034667709127346 0.999992709777626 -0.00160059084080017 -1.53229183814142 -0.0552797110795636 0.0017897959645613 0.998469303570904 105.280638727116
0.998600926232603 -0.00313877690962542 0.0527857765586346 0.172189069320251 0.00320081939613508 0.999994282366078 -0.00109086678627769 -1.5538282359156 -0.0527820507614077 0.00125829832062221 0.998605263256086 106.491174342397
0.998748804044971 -0.00250972772445384 0.0499452468758364 0.220819492181936 0.00257515493041366 0.999995908429417 -0.00124567311500363 -1.57286271711656 -0.0499419162209812 0.00137273128258389 0.998751180531469 107.624533116022
0.99894654891768 -0.00122473285832233 0.0458725673456754 0.273954560239454 0.00130122562113924 0.999997812402858 -0.00163768170928774 -1.59461419521715 -0.0458704612723774 0.00169564705165622 0.998945957278839 108.90884641014
0.999118300145723 -0.00112138239090584 0.0419686170305231 0.314967365511121 0.00117370399046937 0.999998564487687 -0.00122206444513283 -1.6151382208672 -0.0419671863825072 0.00127024568437284 0.999118182070088 110.116836876326
0.999268078403544 -0.000363249770513065 0.0382514775308366 0.353170233099871 0.000374884611438011 0.999999885627752 -0.000296994967532685 -1.63928034409498 -0.0382513652725753 0.000311117480792987 0.999268100291757 111.273793192465
0.999431180326108 -0.00012284542278811 0.0337238891731768 0.389677138428598 0.000103139937157778 0.999999822949473 0.000586057313983354 -1.6560978079417 -0.033723955196803 -0.000582245673243095 0.99943101604656 112.563526092852
0.999571481130909 -0.000148905672439463 0.0292716917321415 0.417254451859794 0.000114945136579682 0.99999931843096 0.00116186282779397 -1.67604123753735 -0.0292718447894283 -0.0011580003090449 0.999570816969917 113.783600958212
0.999693148681578 0.000560413865694557 0.0247647817557806 0.438984230977455 -0.000592546782722 0.999998992128507 0.0012902055187157 -1.70139215885641 -0.0247640337470008 -0.00130448390920544 0.999692473190785 114.918018560775
0.999807280627607 0.0012688643245227 0.0195905994639179 0.456936154415319 -0.00129158242377564 0.999998508063062 0.00114703378045086 -1.71681631584069 -0.0195891148057358 -0.0011721155987594 0.999807427821053 116.197209392892
0.999890324895803 0.00170718549304756 0.0147113458751256 0.465752784507265 -0.00171958743214436 0.999998176717083 0.000830410483978649 -1.73704606768653 -0.0147099013874485 -0.000855616854099087 0.999891437467574 117.420948477578
0.999942611948793 0.00309235169209423 0.0102572008870695 0.469166762436092 -0.00309540456130572 0.999995169526578 0.000281769610491493 -1.75680491703745 -0.0102562800092014 -0.000313503626694721 0.999947353832115 118.601848276112
0.999964991037838 0.0049494420968496 0.00674683048752725 0.465576364905918 -0.00495111040846042 0.999987716590769 0.000230593372619664 -1.77738314673466 -0.00674560630490166 -0.000263989602435921 0.999977213292918 119.876632226526
0.999964474207363 0.00697188433695468 0.0047374203934985 0.460444639849415 -0.00697347413241321 0.999975634105013 0.000319146991101111 -1.79855572410838 -0.00473507990610223 -0.000352171931719713 0.999988727433071 121.112151316108
0.999959603480496 0.00816679685049075 0.00375430903515428 0.460213506736856 -0.00816713942779991 0.999966645478077 7.59268626783398e-05 -1.82171659367591 -0.00375356373270827 -0.000106585760842505 0.999992949674536 122.300948644788
0.999945487991516 0.0101228981732032 0.00255890171449929 0.453052345118652 -0.0101233691331761 0.999948742736821 0.000171162042755221 -1.83669352908617 -0.00255703789627073 -0.000197057418999888 0.999996711357378 123.591905739581
0.999933569707773 0.0114124329891568 0.00161633682682727 0.443488095162843 -0.0114141073070507 0.999934325993457 0.00103046319376648 -1.85626323637178 -0.00160447058336528 -0.00104884378178114 0.999998162798747 124.837234387258
0.999935180083663 0.0113349394794355 0.00107460599783707 0.438048314939726 -0.0113366155417634 0.999934511228229 0.00156665338259426 -1.88178067571506 -0.00105677770193318 -0.00157873422730942 0.999998195407936 126.067435014929
0.999887360752488 0.0150076141498454 0.000193196670720296 0.423531442956596 -0.0150081974479345 0.99988127408094 0.00349166889041996 -1.89379164866956 -0.000140772113821564 -0.00349417512524404 0.999993885443009 127.342835382971
0.99987229708312 0.0159717289030935 -0.000541665552698053 0.416733602513443 -0.0159677243500457 0.999849855635973 0.00673037620083809 -1.91027648753822 0.000649079968763747 -0.00672086754593015 0.999977204057485 128.58798440104
0.999887950027333 0.0149338193014982 -0.00103364946126357 0.406021907158487 -0.0149268966901654 0.999868047781218 0.00640896102159994 -1.92353674548351 0.00112922333473063 -0.00639281371897051 0.999978928171696 129.841622347025
0.999891359526576 0.014659016279543 -0.00154349791455067 0.398662622013468 -0.0146515544817976 0.99988142755923 0.00473949083581812 -1.93411240927324 0.00161279117155462 -0.00471636129150235 0.999987577343241 131.068450525562
0.999928145555923 0.0117529767819431 -0.00236035206201936 0.3926554838906 -0.0117392046501599 0.999914467061833 0.00576624961586959 -1.9485729455111 0.00242792077202659 -0.00573812662930656 0.999980589363369 132.324675501746
0.999946124830895 0.00988478446572907 -0.00316835473744986 0.383176033235128 -0.00985986557132234 0.99992107474281 0.00778635576500373 -1.96434750735641 0.00324507112274789 -0.00775469672197666 0.99996466647185 133.619207507655
0.99997408606825 0.00637520533031689 -0.00334424116432294 0.375127798097639 -0.00634318470464471 0.999934758334292 0.00949963592687094 -1.97233574605041 0.00340458511005591 -0.0094781766145517 0.99994928519815 134.855902784231
0.999981404094013 0.00475890703388729 -0.00381369505978738 0.368260352006551 -0.00471769870359307 0.999931168973982 0.0107424686766121 -1.98510097895445 0.00386455496898993 -0.010724277046435 0.999935025437515 136.160663608994
0.999993797472683 0.000459817671086392 -0.0034919312524444 0.360499898633277 -0.000429221140695813 0.99996155791431 0.00875776585656077 -1.99142010788955 0.00349582399082405 -0.00875621272556341 0.999955552988896 137.398046517124
0.999991297089886 -0.00200013605584921 -0.00366131127410969 0.35617704978709 0.00202873672081912 0.999967329271809 0.00782461604960959 -2.00363785676868 0.00364554135972023 -0.00783197578930756 0.999962684395488 138.699493213167
0.999987820976466 -0.00357985215436938 -0.00339743392746913 0.344092110564858 0.0036052580602907 0.99996536389949 0.00750154088694154 -2.01300118699429 0.00337046184630094 -0.00751369815154985 0.999966091588625 139.987207028374
0.999988935851577 -0.00352519348010344 -0.00311467259253387 0.337849019044727 0.00355006244513906 0.999961574997796 0.00801533433880269 -2.02617463490666 0.00308629730688064 -0.00802630293815357 0.999963025931498 141.275085065105
0.999992098263569 -0.0031401172058581 -0.00243784215214294 0.324816508082133 0.00316424595442399 0.999945415010246 0.0099576376479182 -2.03658643272203 0.00240644093324612 -0.00996527289745746 0.999947449808296 142.556922857171
0.999998448810951 -0.000514881186898221 -0.00168442068808085 0.314105098680268 0.000534318376802696 0.999933045543207 0.0115593656641839 -2.04900648054797 0.0016783562086957 -0.0115602477503504 0.999931769568498 143.843420843668
0.999999348420885 -0.000652747598294372 -0.000936524627779928 0.299846097600048 0.000661931540622408 0.999951368487488 0.00983984281556654 -2.0583883014625 0.000930056149405319 -0.00984045631932016 0.999951149014284 145.130617808271
0.999999786829921 -0.000174732176096118 -0.000629133355431954 0.295804893492605 0.000179709534598113 0.999968619313471 0.00792010686752279 -2.07209484385523 0.000627729715287467 -0.00792021824045549 0.99996843755112 146.389314562099
0.999999950429157 -0.00027917353171156 -0.000145615325874368 0.286317074111464 0.000279981424340227 0.999984404007394 0.00557793441872285 -2.08476736413857 0.000144055843207492 -0.00557797491180628 0.999984432600727 147.692082890044
0.999998961662689 -0.00142879213007499 0.000187687489578684 0.280218657274596 0.00142850205867956 0.999997799042144 0.00153664984168721 -2.10357886265567 -0.000189882629686913 -0.00153638013416109 0.999998801739617 148.95911440332
0.99999875659577 -0.00145293296780672 0.000613019335388186 0.27846936572523 0.00145410887821749 0.999997095425948 -0.00192216207388238 -2.12681287523773 -0.00061022478218152 0.00192305108071604 0.999997964748057 150.221730408602
0.999998204103934 -0.00168428255603273 0.000868896529466852 0.26853116428845 0.00168679501193199 0.999994375348221 -0.00289896438550242 -2.1502563485914 -0.00086400896708138 0.00290042482959547 0.99999542050167 151.511751703016
0.999997929479463 -0.00186005183900964 0.000825375032291042 0.261945651679659 0.00186217877787946 0.999994928394518 -0.0025836941464076 -2.17780828791122 -0.000820565041266039 0.00258522579268474 0.999996321633542 152.785582040335
0.999998932187549 -0.00128140295273128 0.000702588239435563 0.263751369486237 0.00128282700829525 0.999997116357103 -0.0020301803727729 -2.20785344078434 -0.000699984734297728 0.00203107950409028 0.999997692366047 154.064333508059
0.99999969007431 -0.000591629243767607 0.00051944790022028 0.250636605287801 0.00059217903583731 0.999999264025936 -0.00105890111742233 -2.2300904328194 -0.000518821041052773 0.00105920839539839 0.999999304450909 155.324693681559
0.999999984608123 -6.25889213815658e-05 0.000163909671664787 0.243145683840474 6.26647468207619e-05 0.999999891018321 -0.000462640763925695 -2.25614260578839 -0.000163880697615234 0.000462651028162862 0.999999879548564 156.594516657843
0.999999950348027 8.60177083770374e-05 -0.000303158204379834 0.239386218363991 -8.62319413810702e-05 0.999999746549453 -0.000706728436132219 -2.2854755204394 0.0003030973363837 0.000706754542962267 0.999999704314967 157.827263396537
0.999999440348878 0.000152017598314357 -0.00104699215906492 0.228629160554506 -0.000152618407033438 0.999999823738248 -0.000573786628395335 -2.30297690787037 0.00104690474885506 0.000573946097550497 0.999999287287908 159.13734680498
0.999998696974399 -9.67268331880798e-05 -0.00161142589791808 0.220329152757001 9.78023191952595e-05 0.999999772541181 0.000667347205362981 -2.33217017636211 0.00161136098100324 -0.000667503936982515 0.999998478975985 160.375587725102
0.999997186792619 0.000730708696470362 -0.00225665053764233 0.207306156623868 -0.000728383583282464 0.999999203260016 0.0010309882094402 -2.35138230322047 0.00225740209172922 -0.00102934160185173 0.999996922291095 161.681559956562
0.999995326370118 0.00108425295592086 -0.00285860690694942 0.194456708700881 -0.00108402994463738 0.999999409274291 7.95622306700626e-05 -2.37450225947749 0.00285869148388061 -7.64630433385635e-05 0.999995911009842 162.952973726193
0.99999202517983 0.00165416399634426 -0.00363501282200948 0.189007021038615 -0.00165811411080123 0.999998037863555 -0.00108394032800094 -2.40137173116391 0.00363321267455358 0.00108995894982486 0.999992805851697 164.201738928729
0.999987944714507 0.00234508307178059 -0.0043140481038779 0.169902507497199 -0.00235002267760238 0.999996588557648 -0.00114029227879595 -2.41997071008884 0.0043113593066316 0.00115041664312337 0.99999004431168 165.492002340156
0.99998604652807 0.00201817832374066 -0.00488197761313198 0.165637450743712 -0.00202786609881754 0.999995983156226 -0.00198026020955466 -2.45049319618603 0.00487796148476032 0.00199013257494626 0.999986122335749 166.809434868635
0.999980928347781 0.00237625620471405 -0.0057005567411227 0.140753529659726 -0.00239313751316178 0.999992766409661 -0.00295635268459405 -2.47504656344141 0.00569349045422044 0.0029699385182469 0.999979381603264 167.989934214739
0.999976764940608 0.00264636454646483 -0.0062822236193685 0.123510923283064 -0.00266306482053363 0.999992938889768 -0.00265146306157535 -2.50050522011371 0.00627516252205261 0.0026681314233891 0.999976751434767 169.262240431661
0.999971503373154 0.00294047615862465 -0.006953131783283 0.114843483497859 -0.00295009605953215 0.999994704949286 -0.00137368359884549 -2.52996787646827 0.00694905568222569 0.00139415686017184 0.999974883160459 170.542584385095
0.999965589712428 0.00295355022359805 -0.00775215661299727 0.0909906905197292 -0.00296074695131856 0.999995196496352 -0.000917039645953504 -2.55095244237654 0.00774941085283334 0.000939960264413648 0.99996953108889 171.834615975444
0.999959116505411 0.00327257076800954 -0.00842944827891652 0.0827515845902805 -0.0032779682065396 0.999994431151077 -0.000626571041431775 -2.57760357930611 0.00842735083851828 0.000654176888474952 0.999964275267093 173.111018226309
0.999950360996974 0.00357673649878758 -0.00929959666008986 0.0591734677048537 -0.00357929906416292 0.999993560766573 -0.000258927786601218 -2.59922870755346 0.00929861066135131 0.000292200971306588 0.999956724292787 174.406349685598
0.99994541279772 0.00391982335519792 -0.00968537090983562 0.0427054391972201 -0.00393132396784044 0.999991589418402 -0.00116866775319286 -2.62569030739917 0.00968070847907985 0.00120668028968508 0.999952412770739 175.660399302059
0.99993546987689 0.0048990105958719 -0.0102496720564303 0.0217266925747702 -0.0049160287669855 0.999986578275195 -0.0016358272003025 -2.64788225249382 0.0102415205533653 0.00168610932285346 0.99994613269521 177.029502145207
0.999931600511407 0.00502190366112786 -0.0105628964926798 -0.000924027268784586 -0.00503553547026117 0.99998652232596 -0.00126433735975787 -2.67272796377745 0.0105564047489881 0.00131744071968663 0.999943411733247 178.300384764746
0.999929675379902 0.0049191184185417 -0.0107910411280848 -0.0226089917289778 -0.00494519511806321 0.999984913577651 -0.00239116338685917 -2.70133630692714 0.0107791159140227 0.00244435903310782 0.999938916018888 179.445863023692
0.999934145012951 0.00360785633335554 -0.010894448581548 -0.0427911126829984 -0.00365086129362178 0.999985612598745 -0.00393011543441419 -2.72492906992729 0.0108801125468839 0.00396963073735488 0.999932930342219 180.846679851953
0.999938364306391 0.000430026721173408 -0.011094262718983 -0.0576505460339147 -0.000472756075014011 0.999992480255975 -0.00384914707399259 -2.75517852404217 0.0110925240568716 0.00385415470924108 0.999931048323596 181.976732959199
0.999934022693309 0.000873508465766649 -0.0114536999845925 -0.0815594774539077 -0.00087478946222524 0.999999611665106 -0.000106831802947157 -2.7793439972202 0.0114536022182369 0.000116844330522541 0.999934398520037 183.29674291418
0.999933904401809 -7.7897055670585e-05 -0.0114969891625174 -0.0981346457125951 0.000125901749535401 0.999991277768919 0.00417474967324209 -2.80372770749875 0.0114965636824135 -0.00417592123171509 0.999925192554604 184.518814987543
0.99993309768342 0.0010889561352879 -0.011515829617295 -0.124921532308315 -0.00104819119108526 0.999993165876483 0.00354534843929055 -2.82155399002636 0.0115196116456277 -0.00353304045610399 0.999927405451351 185.824615963309
0.999930983184366 0.00258076743548876 -0.0114616101569953 -0.152948013710244 -0.0025763232738536 0.999996600273827 0.00040249121177369 -2.84060479384476 0.0114626099268717 -0.000372934620108629 0.99993423258404 187.022713150553
0.999927362930374 0.00292946484597161 -0.011691325794084 -0.170067068429745 -0.00294718134780492 0.99999453442486 -0.00149841333098811 -2.8624041384341 0.0116868723450865 0.0015327609479461 0.999930531416391 188.334775856624
0.999926553131425 0.00265183902165995 -0.0118260768013016 -0.188380433231944 -0.002665782935319 0.999995769955381 -0.0011634744031107 -2.89121113378371 0.0118229414296462 0.00119491470328781 0.999929392624701 189.549783563294
0.999928242838989 0.00249857519583186 -0.0117160699435676 -0.212625213278049 -0.0024996898617943 0.999996872530516 -8.04970896190567e-05 -2.91412495674561 0.011715832173885 0.000109777854634445 0.999931361257009 190.799549874534
0.999929647557057 0.00253453137787103 -0.0115877559136644 -0.232558919498528 -0.00250962185434992 0.999994510133737 0.00216367754877884 -2.94077727836804 0.0115931762070731 -0.00213444444329373 0.999930518792356 192.054772380478
0.999939119647946 0.00206752394788856 -0.0108389271801475 -0.255552828946836 -0.00203613444205763 0.99999370396296 0.00290623312452347 -2.96058534022265 0.0108448676444436 -0.00288398667908124 0.99993703375093 193.303066893341
0.999953612246522 0.00211918258619293 -0.00939587251398158 -0.275762099271896 -0.00209750973670369 0.99999511854219 0.00231588961228037 -2.9825725891285 0.0094007344413642 -0.00229607424928105 0.99995317602126 194.547347423444
0.999967137491489 0.000786004649634405 -0.00806883720045246 -0.288908757380004 -0.000778595428530662 0.999999272449954 0.000921351572752515 -3.00700024518696 0.00806955551658972 -0.000915038935070784 0.99996702194498 195.808892557459
0.999976422742727 0.000793524078130067 -0.00682087077993437 -0.306297133296523 -0.000797753028301519 0.999999491263332 -0.000617303152882668 -3.02920741164731 0.00682037746499198 0.000622729968887763 0.99997654705429 197.026276222458
0.99998467346775 -0.000274389971916097 -0.00552969617081337 -0.315193415545047 0.000268145246194851 0.999999325579682 -0.0011300169504464 -3.05564912959284 0.00553000250679322 0.00112851686946406 0.999984072634135 198.276132123493
0.999991391305394 0.000222670000439178 -0.00414339633307284 -0.33277995430316 -0.000224377150403752 0.999999890137952 -0.00041155677519443 -3.07921126993321 0.00414330423652352 0.000412482915690048 0.999991331406352 199.481307320802
0.999995964558865 -0.000296126013688693 -0.00282545135657744 -0.351468936944205 0.000300168533592788 0.999998931876519 0.00143043513433251 -3.10001964102461 0.00282502474959233 -0.00143127747348617 0.999994985327406 200.726028173158
0.99999828309617 0.000737826411068656 -0.00169982849116937 -0.354523613058685 -0.000734628145349074 0.99999796036466 0.00188137928340946 -3.12602655931388 0.00170121315546365 -0.00188012731141029 0.99999678549238 201.919159323869
0.999999747276534 0.000475489747241589 -0.000528541738505603 -0.365014608920293 -0.000474462092838985 0.999998000305706 0.00194274813390785 -3.14747356908218 0.00052946443840285 -0.0019424968699104 0.999997973184605 203.128590975068
0.99999952810728 0.000847247366070231 0.000475349469971297 -0.366737443893742 -0.000848254316428622 0.999997388469443 0.00212214959617291 -3.17360743996962 -0.000473550242925867 -0.00212255181198568 0.99999763525919 204.361415160153
0.999998476178269 0.000683687543193999 0.00160630398200383 -0.376567482074472 -0.000687268537272835 0.999997277724178 0.00222984443187663 -3.19150561339486 -0.00160477509234 -0.00223094499617935 0.999996223783534 205.549333482022
0.99999664333773 0.0010194013958631 0.0023820440943236 -0.380591929982112 -0.00102445977306706 0.999997221056218 0.00212329037472837 -3.21355219024737 -0.00237987298958515 -0.00212572355591199 0.999994908738998 206.727824380415
0.999994712696347 0.000936331364007019 0.00311413919509334 -0.380746021148702 -0.000943407087803877 0.999996975276219 0.002271435994899 -3.23715446955495 -0.00311200295891911 -0.00227436188611622 0.999992571330205 207.92770949306
0.999993047689037 -0.000253914648750574 0.00372022861439559 -0.383803936061241 0.000245270295015224 0.999997269707889 0.00232388021426824 -3.26011457758662 -0.00372080852431309 -0.00232295159636057 0.999990379693628 209.104873844632
0.999992290275694 -0.000337827459445149 0.00391219398556674 -0.38772656581171 0.000325583583263975 0.999995048898192 0.00312988409262637 -3.2815558639718 -0.00391323197668739 -0.00312858621594666 0.999987449203132 210.257866869893
