0.999999999979746 -6.21272229640206e-06 -1.38190168531163e-06 -3.70328971333052e-06 6.21272608323608e-06 0.999999999976946 2.74031898483421e-06 -1.68844500922283e-05 1.38188466043891e-06 -2.74032757015535e-06 0.999999999995291 -1.45535210391548e-05
0.99999820930505 0.000788975300621198 0.00172014669953293 -0.00645816190832442 -0.000787417182118428 0.999999279301749 -0.00090629474453898 -0.0208622104865081 -0.00172086050399474 0.000904938648574582 0.999998109860798 1.20361012417367
0.999994300757801 0.00112583785812097 0.00318291392167121 -0.0100817363591724 -0.00112454917442642 0.999999285017848 -0.000406636136111351 -0.0426693319724602 -0.00318336945230107 0.000403054475370639 0.999994851839758 2.40674162851283
0.999990999334811 0.000507675265152025 0.00421230521114355 -0.0113534773828754 -0.000507630184168517 0.999999871086507 -1.17713565752265e-05 -0.0649381054851052 -0.00421231064414715 9.6329573550803e-06 0.999991128133767 3.61341893955012
0.999987309312485 0.00021774144258572 0.00503326957750773 -0.0117847123970284 -0.000217818578972938 0.999999976168351 1.47771359530144e-05 -0.0859912754739856 -0.00503326623996171 -1.58732880479602e-05 0.999987332909271 4.81157504618789
0.999982051933309 -6.53600589877376e-05 0.00599095479127565 -0.0110919834814331 6.45931886529707e-05 0.999999989696484 0.000128198093783753 -0.108064139480505 -0.00599096310858272 -0.000127808818002772 0.999982045851793 6.02379963565304
0.999976623134718 0.000284935242553363 0.00683169056633515 -0.0100294593474541 -0.000279303747176417 0.999999620468143 -0.000825259344853391 -0.130737200629474 -0.00683192311896254 0.000823331936102136 0.999976323195214 7.22018800665087
0.99997103881753 8.65956111478254e-06 0.00761061437736944 -0.00786820499968676 2.06237527503205e-07 0.99999932147587 -0.00116492392782964 -0.152367181303812 -0.00761061930111389 0.00116489175984949 0.999970360311265 8.41325340287137
0.99997016481112 -0.000428922176769791 0.00771268522546582 -0.00486443813187725 0.000425981090678837 0.999999835937136 0.000382969725939223 -0.174933771620844 -0.00771284822430908 -0.000379672841900708 0.999970183465888 9.61414655000488
0.999978454247805 -0.00107783104565204 0.00647528535338824 -0.00323017140761924 0.00106933494297656 0.99999856312112 0.00131540049954037 -0.196691667017501 -0.00647669382868335 -0.00130844790935305 0.999978169962284 10.8130399857906
0.999989190992046 -0.002220188590031 0.00408517584666633 -0.0033707568111957 0.00221681115304196 0.999997197509306 0.000831096772330267 -0.217551052738961 -0.00408700958957018 -0.000822031725619617 0.999991310270473 12.0179228124316
0.999996165918546 -0.00187478369300269 0.00203797308894442 -0.00799051505541106 0.00187397975535918 0.999998165564657 0.000396317041400156 -0.238840939340394 -0.00203871235914103 -0.000392496401577689 0.999997844796923 13.2085802641417
0.999998547291294 -0.0015216634867012 0.000768085630471804 -0.0138556385056113 0.00152145411830214 0.999998805297406 0.000273095453254491 -0.260755610378318 -0.000768500272217511 -0.000271926449480659 0.999999667731614 14.4073711206223
0.999999999535698 -2.88810729938604e-05 -9.72045266179255e-06 -0.0229739926445791 2.88824142460824e-05 0.999999990059435 0.000138010641340126 -0.282578533457024 9.71646666975928e-06 -0.000138010922026187 0.999999990429288 15.6151770984971
0.999999822924176 -0.000282810480423535 -0.000523612307719366 -0.0309264035258478 0.000282939616206624 0.999999929574903 0.000246567157372032 -0.304284855566329 0.000523542539067685 -0.000246715264376336 0.99999983251738 16.8099064015485
0.999999094596725 -0.000873099342922495 -0.00102396448524901 -0.0379367088029098 0.000873796317137857 0.999999386759051 0.000680412756127709 -0.32460789836963 0.00102336978938177 -0.000681306876475862 0.999999244267322 18.0112417406288
0.999998134364592 -0.00128754662367034 -0.00143996216187161 -0.0470335277721184 0.00128880740398473 0.999998786692021 0.000874979977682836 -0.346406679563906 0.00143883383723798 -0.000876834179184886 0.999998580458498 19.2151941297746
0.999997452965657 -0.000848944421099904 -0.00209125693525807 -0.0562922324665985 0.000848790129139476 0.999999636990091 -7.46659485820498e-05 -0.367741330430406 0.00209131956335157 7.2890720161173e-05 0.999997810532317 20.4200341400568
0.999995770708599 -0.00119342092189725 -0.00265222763332064 -0.06434538934154 0.00119090817037521 0.99999884076778 -0.000948789137149119 -0.388783706642585 0.00265335686357965 0.000945626564885163 0.999996032736008 21.6250887109174
0.99999406703203 -0.000419656927171962 -0.00341903331415553 -0.077363578527255 0.000418257718449171 0.999999828502457 -0.000409945775170569 -0.410226201729947 0.00341920476438403 0.000408513305902135 0.999994071060253 22.8180323678442
0.999991001249311 -0.000513979300031056 -0.00421108604519682 -0.087038895337972 0.000511983514075671 0.999999756123691 -0.000475000462717011 -0.434888582837386 0.00421132915861804 0.000472840181674775 0.999991020524125 24.028591849587
0.999986945007612 -0.000561580838451855 -0.00507882282675517 -0.0993596440185003 0.000555685583722032 0.999999170381191 -0.0011620888351866 -0.457762532739175 0.00507947122009065 0.00115925143549859 0.99998642746201 25.2269435654134
0.999982624846447 -0.000198541008385787 -0.0058915691185242 -0.11388504719909 0.000195638478626133 0.999999859224664 -0.000493230411139062 -0.4793880249394 0.00589166621559977 0.000492069223565863 0.999982522915817 26.4301510564315
0.999976730177681 -0.00149566012120183 -0.00665598256874706 -0.128191444044454 0.00150395195213649 0.999998099095978 0.00124094035117781 -0.500323253299673 0.00665411389136698 -0.00125092175269398 0.999977078718852 27.6324149082374
0.999970056888347 -0.00185222119523938 -0.00751362784283241 -0.142809526305884 0.00186243812180638 0.99999735033094 0.00135301712571039 -0.52159717284876 0.00751110184720742 -0.00136697027909509 0.99997085694599 28.8482880938247
0.999963035089615 -0.00250359248232779 -0.00822559900840432 -0.159037659435867 0.00250781508712746 0.999996728884169 0.00050307499508336 -0.542226787919514 0.00822431260674145 -0.000523684680255187 0.9999660426417 30.043200976202
0.999953789214985 -0.0029794565192531 -0.00914014624848801 -0.175971849520132 0.00297488538142228 0.999995443088903 -0.000513671485500018 -0.563414671851977 0.00914163505951037 0.000486456860878745 0.99995809605611 31.2396071173657
0.999948521900867 -0.00238504412083183 -0.00986230768192607 -0.194830871257636 0.0023798625396865 0.999997023887326 -0.000537094760767061 -0.584562450755475 0.00986355932528868 0.000513596175542644 0.999951222018557 32.463548579884
0.999940796326728 -0.00294403150531057 -0.0104755200331543 -0.213795733947659 0.00294409242289951 0.999995666104377 -9.60566839405418e-06 -0.604552900617966 0.0104755029127342 -2.12357994523405e-05 0.999945130188535 33.6456337522364
0.999933091872088 -0.00325581066197523 -0.0111000664889426 -0.234065920162992 0.00325899144563195 0.999994653432519 0.000268479297361628 -0.626521227438909 0.0110991330239292 -0.000304636355647868 0.999938356321432 34.8636978165535
0.999925192292371 -0.0038064443024658 -0.0116241473165851 -0.253437036797175 0.00380809647289509 0.999992741974028 0.000120002155455561 -0.648659940199029 0.0116236061667011 -0.000164259052766102 0.999932430116478 36.0666554991704
0.999919608920985 -0.00392481802148491 -0.0120570103592355 -0.27549538222471 0.00392598586102776 0.999992290609218 7.31925438288202e-05 -0.669608199317586 0.0120566301396159 -0.00012052231199787 0.999927308930029 37.2866536407151
0.999913770336692 -0.00479505118356202 -0.0122253578764587 -0.294435009504095 0.00480362099528746 0.999988236940472 0.000671718706302978 -0.691416659178576 0.0122219931432686 -0.000730386769995356 0.999925041900028 38.4941738774154
0.999917217045407 -0.0044846639834781 -0.0120601345400262 -0.315742055185659 0.00450782641035864 0.999988045908589 0.00189408050954054 -0.710931198987849 0.0120514960574326 -0.00194828870495173 0.999925480030337 39.6837736245395
0.999920338562948 -0.00400426025491236 -0.0119700638248348 -0.339102289182161 0.00403780294549065 0.999987985574544 0.00277936214595838 -0.732254041085005 0.0119587907220202 -0.00282747349694537 0.99992449350843 40.9259007060823
0.999923671798196 -0.00330578527255412 -0.0119047201288491 -0.361508781874596 0.00333367707282214 0.999991743152771 0.00232383808743049 -0.7519098022347 0.0118969397236685 -0.0023633472055999 0.999926436001768 42.1327365267496
0.999929065335693 -0.00219826641761891 -0.0117060634563934 -0.382988034557631 0.00222568933872504 0.999994808425834 0.00233011337626788 -0.769768517354381 0.0117008804735125 -0.00235600215109107 0.999928766787919 43.3208964360279
0.999938351521584 0.000531765476336544 -0.0110910045431288 -0.407565323089082 -0.00048613751470891 0.999991410035307 0.00411625143976106 -0.786674743928865 0.011093098152199 -0.0041106059257388 0.999930020597596 44.5283830203773
0.999955055656512 0.000546362589998696 -0.00946510194889497 -0.427515200108833 -0.000479135262207466 0.999974655290227 0.00710346440775608 -0.801481830286273 0.00946874312584489 -0.00709861008310767 0.999929973867423 45.7314523795456
0.999970069961176 0.00125429045163693 -0.00763452272930851 -0.445365839682651 -0.00117833487291209 0.999949849587494 0.00994534247154733 -0.814401228172839 0.00764661420294467 -0.00993604878269105 0.999921399023853 46.9448235136982
0.999980264506991 0.0016185711541439 -0.00607048794975516 -0.458810806793454 -0.00153798670482689 0.999910951946878 0.0132560466800698 -0.822675584881829 0.00609140323939608 -0.0132464487356947 0.999893707552192 48.150208121469
0.999988709408965 0.000975371005624873 -0.0046507747735312 -0.472729394689729 -0.000907796431166302 0.999894315436863 0.0145097850668343 -0.82869579381378 0.00466443568208305 -0.0145053992860436 0.999883911477388 49.3621002643052
0.999994672729051 -0.00085340607159125 -0.00315058908699975 -0.479745386743509 0.000894279353685499 0.999915165600354 0.0129946861006086 -0.83278908427907 0.00313923206464934 -0.0129974343811673 0.999910601964771 50.5660623567453
0.999997897290309 0.000114335015590438 -0.0020475210535517 -0.489941464217839 -9.12329785290788e-05 0.999936380578095 0.0112794713051525 -0.838576907397478 0.00204868042997346 -0.0112792607862545 0.999934288433301 51.77279402308
0.999999160331939 0.000587641772801156 -0.00115499461635471 -0.50222823725344 -0.000575156371999386 0.99994172128126 0.0107806881142947 -0.845205905671624 0.00116126248742382 -0.010780014759582 0.999941219648044 53.0022313882335
0.999999343123331 7.25669559089861e-05 -0.00114389114126876 -0.508275663470722 -6.07826753888172e-05 0.999946966213728 0.0102985953133563 -0.854378424232325 0.00114457781410248 -0.0102985190196854 0.999946313782709 54.1993423846663
0.999997921430187 -0.000706537183742418 -0.00191257431597653 -0.51772838805913 0.000724138881939005 0.999957249749398 0.00921815038388655 -0.864359206668809 0.00190597958693368 -0.00921951619274422 0.99995568289949 55.4155676091623
0.999993851904002 -0.000323272315058028 -0.00349165422210233 -0.530228226565022 0.000356700576938262 0.999954072177944 0.00957738479157628 -0.871966848887635 0.00348839775467476 -0.00957857138397067 0.999948039675736 56.6282327242579
0.999988004725459 -0.000348224282667429 -0.00488560590353064 -0.543118441826027 0.000401348762369716 0.999940764126078 0.0108769094013493 -0.883815948893441 0.00488152889642138 -0.0108787397617177 0.999928909321473 57.8394931271067
0.999982265275674 -0.000484475438501329 -0.00593585863048527 -0.556952971946976 0.000550868056699825 0.999937255239839 0.0111884819256777 -0.893215626704618 0.00593006564177204 -0.0111915533759437 0.999919788510317 59.0583592278685
0.99997694416245 0.00057500446074421 -0.00676612986855972 -0.573508988585854 -0.000500903826633693 0.999939940061527 0.0109483042114599 -0.90234869081127 0.00677201881897529 -0.0109446626087939 0.999917173630644 60.2784098320072
0.999972618770301 0.00102681366920224 -0.00732853077732991 -0.589608197076557 -0.000947742967197244 0.999941393607559 0.0107847639492088 -0.910986533127529 0.00733917522162133 -0.0107775230856057 0.999914987138009 61.4826930042483
0.999971596996685 9.30932592295943e-05 -0.00753634749356329 -0.605662368658991 -1.54282409541644e-05 0.999946904074625 0.010304794687001 -0.921109365162151 0.00753690665114228 -0.0103043857272983 0.99991850401566 62.7169470973149
0.999969549833456 -0.000974398024291168 -0.00774273558667191 -0.620547935243838 0.00104654671110907 0.999956023363448 0.00931966089197694 -0.931595591343598 0.00773331402804288 -0.00932748024121386 0.999926594289048 63.9326508342345
0.99996632177337 -0.00135944968390589 -0.00809365279670709 -0.635603371839906 0.00144473893682095 0.999943395356703 0.0105412908086288 -0.940242453646947 0.00807886430391981 -0.0105526290119845 0.999911683086309 65.1111253392373
0.999963459763864 -0.00156774371032029 -0.00840364901345543 -0.652144787782597 0.00166981575764481 0.999924756119869 0.0121529343763319 -0.952800900901931 0.00838396400386597 -0.0121665228507844 0.999890836476314 66.353678247405
0.999962368834726 -0.00100884435723184 -0.00861644633860352 -0.668940279371998 0.00109927564715671 0.999944301622054 0.0104969160534759 -0.963346162200676 0.00860537666198991 -0.010505992891918 0.999907781550809 67.549477087201
0.999962156212107 0.000600313973180503 -0.00867904181157211 -0.688188475109052 -0.000519674795685745 0.999956707104848 0.0092905249655658 -0.971526457954505 0.00868424330267996 -0.00928566309762942 0.999919176923364 68.7305960382776
0.999957816694922 0.00292798808436825 -0.00870584381340997 -0.709194141253475 -0.00284361647388256 0.999949026840308 0.00968801148176157 -0.98362035242613 0.00873376643122283 -0.00966284672853077 0.999915171760598 69.936512451534
0.999951799778585 0.00472084017524417 -0.00860882033782427 -0.728755494167522 -0.00463581193834943 0.999940542186017 0.00987022494200362 -0.994791889608054 0.00865490423063093 -0.0098298403228788 0.999914229757725 71.1310690206213
0.999945025557051 0.00621321503862834 -0.00844640885779985 -0.749702067321095 -0.00612651188450991 0.999928673525861 0.0102524978878769 -1.00381545068662 0.00850950737929735 -0.0102001872382679 0.99991176833982 72.3307095354914
0.999950187582565 0.00667220436112058 -0.00742320972065403 -0.765840151692402 -0.00658806471364044 0.999914427828691 0.0113019654640387 -1.01574983518828 0.00749798352373855 -0.0112524978997946 0.999908576587926 73.5262647233972
0.99995010338506 0.00844489251280061 -0.00533615317012112 -0.783395954629893 -0.00838003242796438 0.999892129934903 0.0120624852642504 -1.02534921813555 0.00543744395042513 -0.0120171662504617 0.999913007175422 74.7272367714307
0.99997192319029 0.00694667795463469 -0.00281007055206909 -0.792506935589246 -0.00691836909496352 0.999926450825605 0.00996138084675258 -1.03757980550828 0.00287906237842586 -0.00994166005769599 0.999946435762995 75.9092902047044
0.999991552921021 0.00409889753629478 -0.000305164861009686 -0.795948333392505 -0.00409734745941162 0.999979513664631 0.00491772252619439 -1.04965012069419 0.0003253158500468 -0.00491643061933585 0.999987861366108 77.0946750002885
0.99998472886196 0.00509723174883776 0.00213547919004409 -0.800374844847848 -0.00510665734341394 0.999977140098472 0.00443185415569792 -1.06226960758396 -0.00211284018549145 -0.00444269163672888 0.99998789912547 78.2802499239096
0.999979435450343 0.00410397687505602 0.00492808788708708 -0.800957265400345 -0.00414338078152327 0.999959316332142 0.00801237020203481 -1.07849633142242 -0.00489500481237277 -0.00803262437589093 0.999955756958038 79.4627344044348
0.999955347949651 0.00451211397946303 0.00830318820262948 -0.797592989385596 -0.00458932751902767 0.999946186989522 0.00930382706411268 -1.09238151836349 -0.00826076145491724 -0.00934151767927217 0.999922244910889 80.6493959645095
0.999912029708845 0.00474044432814325 0.0123879389371258 -0.791586467228939 -0.00483334461053995 0.999960342617396 0.0074801051045534 -1.10395527603699 -0.0123519886420749 -0.00753932225542693 0.999895288015958 81.8254431081306
0.999868094366944 0.00398214046940236 0.0157459970880542 -0.780286716938619 -0.00405260349666063 0.999981906327198 0.00444560717138276 -1.11924882960981 -0.0157280091529068 -0.00450883305361195 0.99986614111719 82.996595546904
0.999813222721592 0.00258708095283537 0.0191527199950417 -0.762476453671115 -0.00260894616791742 0.999995973153324 0.00111672603166407 -1.1388554952227 -0.0191497538093288 -0.0011664858680514 0.999815946181977 84.1629356838873
0.999745489909558 0.00195780672471122 0.0224749282162775 -0.74150250002267 -0.00196232578086391 0.99999805861309 0.000179018382721912 -1.15986945783221 -0.0224745341003525 -0.000223075951799002 0.99974739087136 85.3316493433956
0.999657430767793 0.00171873208629416 0.0261164138187337 -0.718112690808298 -0.00177094101370666 0.999996479417652 0.00197608710005853 -1.18224418480041 -0.026112925509444 -0.00202166078178042 0.999656955164631 86.4998547418983
0.999548235908143 0.00284179106900766 0.0299207004670487 -0.692862628112545 -0.00291459891230137 0.999992896413866 0.00239002823979211 -1.20263114799845 -0.0299136959618692 -0.00247615535189141 0.999549418212313 87.66643290351
0.999431669269668 0.00242599737111563 0.0336222098857406 -0.663310261140389 -0.0024377305915946 0.999996981303117 0.0003079841169688 -1.22374111594144 -0.0336213612218223 -0.000389770969726157 0.99943456621641 88.8207836336414
0.999313574685865 0.00233009264102987 0.0369722884988393 -0.628353637755789 -0.00225807554236061 0.99999547147241 -0.00198950484215381 -1.2453490362343 -0.0369767567994028 0.00190465297526323 0.999314310791976 89.9760056909246
0.999191056336391 0.00240986531410495 0.0401425645236488 -0.589192496415235 -0.00231910423234317 0.99999464885876 -0.00230738150402787 -1.26835472521205 -0.0401479101937693 0.00221242017109676 0.999191298252772 91.1328705788035
0.999073389549973 0.000972473388866672 0.0430280906924327 -0.543934170954603 -0.000923164601994715 0.999998894311644 -0.00116582271673002 -1.29101055981295 -0.043029176848342 0.00112502044299915 0.999073182639168 92.3081552546104
0.998950947571358 0.00036287806619944 0.0457916222227991 -0.497026984554908 -0.000379956723168116 0.999999861473312 0.000364261231729192 -1.3133839031161 -0.045791483697026 -0.000381277937327713 0.998950947067953 93.4611023840047
0.998825014146736 -0.000426858763637968 0.0484603849176709 -0.446492072372805 0.00032446900025422 0.999997698669136 0.00212070184131259 -1.33304936693373 -0.0484611786344575 -0.00210248615400388 0.998822854022339 94.6287432317792
0.998702768416711 -0.00195877133440867 0.0508816624301557 -0.390200795150902 0.00180016623266162 0.999993378098934 0.00316277723178048 -1.3529700773265 -0.0508875206541997 -0.00306707892669605 0.998699681219798 95.7934072546721
0.998578908586544 -0.00301127082771257 0.053208040502437 -0.333053165615843 0.00297206512883025 0.99999525051791 0.000815947603600889 -1.37119198106404 -0.0532102448310173 -0.0006566503057169 0.998583115546923 96.9744442106193
0.998453816007948 -0.00442674014765249 0.055411021203661 -0.271499020753131 0.0045851159013671 0.999985757996317 -0.0027313946443872 -1.39191664612196 -0.0553981408653615 0.00298123736014397 0.998459893141665 98.130264235271
0.998340224548653 -0.00375022842765729 0.0574693991171499 -0.209306401108107 0.00407575867034209 0.99997630230703 -0.00554824437280129 -1.41467584767673 -0.057447230041204 0.00577326693472431 0.998331851214561 99.3088800331549
0.998239338024186 -0.00369622950011403 0.0591993404398816 -0.144651102547797 0.0040881043171511 0.99997051933184 -0.00649983617501279 -1.43665469788294 -0.0591735703175548 0.00673040523983521 0.998225019833294 100.486535103399
0.998220592725762 -0.00357399041530932 0.0595220534822189 -0.0816999381947807 0.0039286493066652 0.999975215224856 -0.00584248668192144 -1.46417769016754 -0.0594996972501045 0.0060659317927642 0.998209893007794 101.676918071814
0.998264551599775 -0.00342901395847467 0.0587888329750833 -0.0173120784666859 0.00367236043283932 0.999985129105402 -0.00403179078128737 -1.4890777876535 -0.0587741336656779 0.00424068760053644 0.998262299088032 102.870098779799
0.998333927626486 -0.00418522261877009 0.0575486999115107 0.0438913857268869 0.00434549205747213 0.999987020265668 -0.0026600749929861 -1.51080436334926 -0.0575368199386465 0.00290572053391212 0.99833915636898 104.043799191825
0.998454346640049 -0.00369819830198786 0.0554548555575896 0.106699094048674 0.00380071512814855 0.999991257692853 -0.00174330214849628 -1.53374496430663 -0.0554479236771641 0.00195137571612007 0.998459673643711 105.267381841593
0.998588568857849 -0.00342124851753035 0.0530015585149645 0.163137283871671 0.00349333711994984 0.999993094944595 -0.00126754049147371 -1.55444911348764 -0.0529968559652391 0.00145090375712562 0.998593625122896 106.470391096513
0.998749142177872 -0.00288703426368716 0.0499180932340717 0.215858703212838 0.00295820091051556 0.999994710764443 -0.00135184707412414 -1.5745141999083 -0.0499139263766958 0.00149782385449338 0.998752399985784 107.670716896126
0.998932117650254 -0.00143880860555164 0.046179585929028 0.26373193573475 0.00152314006550262 0.999997236128835 -0.00179102736797079 -1.59541129003873 -0.0461768813490122 0.00185945273899344 0.998931548237611 108.88760682057
0.999102084817656 -0.0013536154471165 0.0423460959031121 0.304169367417916 0.00141520960836068 0.999997983849502 -0.00142459773106628 -1.61593435165192 -0.0423440821695151 0.00148324716493347 0.999101986127077 110.082809736205
0.999268260588145 -0.000743879270259594 0.0382412084638378 0.348480963929843 0.000759806874037421 0.999999630555914 -0.000401972076249321 -1.63704425472136 -0.0382408953171547 0.000430733870500986 0.999268456618978 111.318607558501
0.999422133319718 -0.000478318088063125 0.0339878013774269 0.382815679734257 0.000463272869338475 0.999999791196424 0.000450538963528328 -1.65874410932971 -0.0339880097815881 -0.000434532985806509 0.999422146228595 112.539544687511
0.999563233907701 -0.000497013996522506 0.0295481707905273 0.411415962881211 0.00046662938381161 0.999999355314604 0.00103519437472444 -1.67959375205815 -0.0295486662473465 -0.00102095419219388 0.999562821425217 113.762515914894
0.99969278449636 0.00011532563712517 0.0247855467139769 0.433225769974582 -0.000143498157727081 0.999999345732657 0.00113487555959578 -1.69943196798398 -0.0247853996173561 -0.00113808358852088 0.999692146979036 114.981322403694
0.999802328723574 0.000937430550892587 0.0198601284709039 0.44880091668424 -0.000958436377564005 0.99999899134141 0.00104819648609867 -1.71897734935701 -0.0198591258274053 -0.00106702395735093 0.999802218731908 116.206892493903
0.999887747262124 0.00139902501556597 0.0149176272939136 0.459874396363055 -0.00140985559938447 0.999998750158231 0.000715534180942797 -1.7390145998959 -0.0149166075990213 -0.000736485560641797 0.999888469983906 117.425886180525
0.999944338199608 0.00244689375347429 0.0102631970412185 0.465744381237218 -0.00244849455800964 0.999996992149019 0.000143413091054097 -1.75992644987585 -0.0102628152544545 -0.000168534490526453 0.999947321722089 118.664040347348
0.999967375155409 0.00440409715657593 0.00677145132425525 0.466343263657842 -0.0044051024542192 0.999990288570741 0.000133553634955272 -1.77945483140635 -0.00677079738060078 -0.00016337821463579 0.999977064542177 119.896839659038
0.999968444996132 0.00638509725966283 0.00472647278649648 0.462173098076901 -0.0063862743933951 0.999979580163061 0.000234000599163869 -1.80082131612837 -0.0047248821561084 -0.000264177767401538 0.99998880278667 121.13736576642
0.999964508073972 0.00757558642083247 0.0036868798136734 0.455636373020408 -0.00757530180214417 0.99997130283479 -9.11564524488674e-05 -1.82057361059344 -0.00368746457425762 6.3223989833991e-05 0.999993199280745 122.377686453681
0.999949088274208 0.00973264121593998 0.00266393591158287 0.446237715810207 -0.00973290216234817 0.999952630572595 8.5008502902929e-05 -1.83952586094923 -0.00266298236520503 -0.000110932002567541 0.999996448103199 123.625755178022
0.99993807123355 0.0109808824335456 0.00180939733291758 0.436563733592899 -0.0109826942819023 0.999939193869691 0.000994479533571479 -1.86074083477923 -0.00179836704762686 -0.00101429000442263 0.999997868543603 124.871179285409
0.999941441281508 0.0107587916740331 0.00116722301870971 0.431345975153523 -0.0107603650338143 0.999941194089461 0.00135015083647796 -1.87912432259981 -0.00115262838751911 -0.00136263151913239 0.999998407340303 126.109036738013
0.999894287305019 0.0145380349963719 0.00024444474489059 0.419607805017631 -0.0145387775564806 0.999888610270541 0.00337505531956226 -1.89620112507329 -0.000195350843906101 -0.00337825246113953 0.999994274607788 127.360534678762
0.999879660352305 0.0155096027657658 -0.000342104965707898 0.406767595822072 -0.0155069973811565 0.999857814782792 0.00662444337283529 -1.91166436235151 0.000444798808696027 -0.00661834116884631 0.999977999615088 128.624402943803
0.999897266613306 0.0143077334671529 -0.000863123555046229 0.399575231268702 -0.0143021173127596 0.999878525565628 0.00619544615651914 -1.92499281096393 0.000951661499918159 -0.00618246518301372 0.999980435540941 129.873812979972
0.999897687748673 0.0142415774457946 -0.00133847178220882 0.389404192574266 -0.0142352221094648 0.999887891948479 0.00464348859390504 -1.93669483731447 0.00140445233117406 -0.00462396006502599 0.999988323185309 131.131649759873
0.999932490591215 0.0114289700398488 -0.00209592554230251 0.382897522983352 -0.0114169092142937 0.999918699270227 0.00567882326989875 -1.95027305875648 0.00216065824303964 -0.00565451090426082 0.999981678863363 132.392988956226
0.999951946778058 0.00931666924395547 -0.00305021457794996 0.376059462714439 -0.00929332267940977 0.999928080179536 0.00758080616058893 -1.96496415058255 0.00312062307066589 -0.00755209525011366 0.999966613227154 133.664688881992
0.999976343081391 0.00602432667374503 -0.0033197538607461 0.36936889562884 -0.00599271438669937 0.999937375916764 0.00945154056091778 -1.97635893736145 0.00337648513211312 -0.0094314226298704 0.999949822548776 134.931840433061
0.999984672722025 0.00416840514228798 -0.00364399774901809 0.360413324310977 -0.00412969549309272 0.999935644165652 0.0105666050440293 -1.98774805153443 0.00368780912730465 -0.0105513944856555 0.999937532118006 136.202244871914
0.999993642470466 -0.000100189366140783 -0.00356440468258181 0.35498237494514 0.000131100933500249 0.999962379209053 0.00867311818876175 -1.99525790201419 0.00356340163264459 -0.00867353034593797 0.999956035053613 137.468612539148
0.999990640315407 -0.00254274457883334 -0.00350053304371143 0.349241107160645 0.00256974368956454 0.999966820534246 0.0077300871923095 -2.00660880591942 0.00348076126059303 -0.00773901031383069 0.999963995362038 138.743854640029
0.999986352622769 -0.00395286422054054 -0.00341605513193818 0.34171411147163 0.00397826672429974 0.999964247669651 0.00746168723145442 -2.0182156333398 0.00338643796352453 -0.00747517537745376 0.99996632632854 140.030148853577
0.999986964188097 -0.00416676484506041 -0.00295119037004477 0.330928457390192 0.00418964238563293 0.999960890899152 0.00778868210004119 -2.02884710158264 0.00291862134487916 -0.00780094500050877 0.999965312851673 141.291229615623
0.99999089582545 -0.00355534732687052 -0.00235961259507663 0.321217692591581 0.0035784058824268 0.999945173542895 0.00984098163854339 -2.04112723019791 0.00232449511811552 -0.00984933569611928 0.999948792343283 142.593412644797
0.999998015212012 -0.00121080305621976 -0.00158225408661145 0.309271621873898 0.00122876507832863 0.999934252139379 0.0114009444715108 -2.05268174260219 0.0015683457583804 -0.0114028660616198 0.9999337552744 143.871399411545
0.999998546102739 -0.00136328147968169 -0.00102433198496647 0.30016090514156 0.00137316369351446 0.999951918724171 0.00970951395900909 -2.06389805227974 0.00101104593322073 -0.0097109064178652 0.999952336905447 145.14612874904
0.999999496240468 -0.000834710934802528 -0.000557473286059127 0.289737132514226 0.000839042566300102 0.999969105605762 0.00781561524028935 -2.07420043925407 0.000550932283756372 -0.00781607904691526 0.999969302219799 146.427324261813
0.999999585533086 -0.000908081417485547 -6.57403640947479e-05 0.283380121829046 0.00090842226583245 0.999985088059983 0.00538501872377635 -2.08978282736559 6.08493483425088e-05 -0.00538507621187476 0.999985498520628 147.685630838092
0.9999978316926 -0.00205834173880861 0.00031597370725229 0.277635243229709 0.00205792226428077 0.999997008373317 0.001322195284769 -2.10892822268638 -0.000318694291718412 -0.0013215421685161 0.999999075979696 148.959084302828
0.999997596844806 -0.00205750563490247 0.000756951236568155 0.270711180858482 0.00205912609337303 0.999995576783438 -0.00214625564436888 -2.13056081593402 -0.000752531955326678 0.00214780914462611 0.999997410302414 150.245721992587
0.99999686800235 -0.00230769405624417 0.000968779455374436 0.267377532800006 0.00231064216399165 0.999992669709763 -0.00305310653777678 -2.1569683968441 -0.000961726718129545 0.00305533547811147 0.999994869990259 151.501862446482
0.999996419983427 -0.00252235330505275 0.000893170831335429 0.262126722509414 0.00252479259164557 0.999993057441122 -0.00274052767281768 -2.18471328581983 -0.000886252051411224 0.00274277293278122 0.999995845868342 152.78155873964
0.999997913829315 -0.00188570860010474 0.00078513699056413 0.255464214670669 0.00188744955105452 0.999995748826823 -0.00222258013907959 -2.21144334987044 -0.000780942514328131 0.00222405740885841 0.999997221844857 154.055264243337
0.999999150660567 -0.00113803307514311 0.00063526283079505 0.247959254148455 0.00113877371045817 0.999998670966169 -0.0011667306163206 -2.23734499529396 -0.000633934208478101 0.00116745304598122 0.999999117590013 155.33392814824
0.999999737102481 -0.00063626840094755 0.000347789433855302 0.239441553686498 0.000636480738428547 0.999999610928955 -0.000610765264047837 -2.2632565316122 -0.000347400687902593 0.000610986464754842 0.99999975300412 156.613009166636
0.999999865037364 -0.000500228958891741 -0.000140343305299088 0.231660009416422 0.000500097150274221 0.999999435352431 -0.000937655405821268 -2.2875590433083 0.000140812268442035 0.000937585093985782 0.999999550552947 157.876679273644
0.999999634081784 -0.000152902847953345 -0.000841698887004574 0.223709659459347 0.000152340885805551 0.999999765500566 -0.000667675869772833 -2.31170148902583 0.00084180077916866 0.000667547400304042 0.999999422875792 159.14616955168
0.999998681177366 -0.000681215648369537 -0.00147430959046588 0.215163175382002 0.000681936777178772 0.999999648075796 0.00048868242905854 -2.33429250780864 0.00147397617350289 -0.000489687170503778 0.99999879379963 160.411812890073
0.999997799831004 0.000179701093465744 -0.00208998580552706 0.205166268849253 -0.00017793496896901 0.999999626990835 0.000845196627129619 -2.35812094081419 0.00209013690870129 -0.000844822885994752 0.999997458797768 161.685774652654
0.999996157274558 0.00058690996804233 -0.00270942296569236 0.194169612444825 -0.000587092446361413 0.999999825446453 -6.6554662561795e-05 -2.38198746866592 0.0027093834311581 6.8145088567656e-05 0.999996327292091 162.950623379909
0.999993476900932 0.00102864546031573 -0.00346237549981771 0.182473667492318 -0.00103325200224744 0.99999858316488 -0.00132893135010775 -2.40539417013625 0.00346100359500214 0.00133250018777462 0.999993122925035 164.225471466957
0.999989958556905 0.00180706501985177 -0.00410089031477707 0.167774142119281 -0.00181247638446221 0.999997491236161 -0.00131622594535017 -2.42910917683549 0.00409850152074767 0.00132364549539304 0.999990725080931 165.51904978729
0.999987646760381 0.00138488307092452 -0.00477372239604014 0.155789590217158 -0.00139521734148811 0.999996689179804 -0.00216217436875923 -2.45638924541821 0.00477071223242394 0.00216880803917156 0.999986268193961 166.793229755701
0.999982836725354 0.00178822288219167 -0.00557929329201976 0.140590421625363 -0.00180604383419377 0.999993278727001 -0.00319072193881377 -2.48192921248281 0.00557355007008471 0.00320074362382602 0.999979345176625 168.065513300031
0.999979108756477 0.00204892027356968 -0.00613057716001245 0.124460721575259 -0.00206682248938383 0.999993614782103 -0.00291524266934962 -2.50630278099528 0.00612456491513384 0.0029278525810523 0.999976958426475 169.306687061918
0.999973756617044 0.0022850879699799 -0.00687491455708265 0.108177587827454 -0.00229583876451536 0.999996153541689 -0.00155628602600598 -2.53357067510779 0.00687133186253453 0.00157202887913869 0.999975156453218 170.625437719238
0.999968850551112 0.0022608134179513 -0.00756218554234767 0.0914428589835635 -0.00226982727200986 0.999996723489279 -0.00118359404424136 -2.55862359407601 0.00755948487946904 0.0012007220309192 0.999970705798406 171.901806283335
0.999962288968889 0.0026360450560089 -0.00827477531800236 0.0749196706301085 -0.00264297784588542 0.999996165363246 -0.000826998736402805 -2.58202525736597 0.00827256358131437 0.000848837597272887 0.999965421485426 173.130886644592
0.999955512614511 0.00303302700788572 -0.00893160338456428 0.0550515068387041 -0.00303767873981189 0.999995257567462 -0.000507297208794573 -2.60683512678591 0.00893002238090247 0.000534405982181811 0.999959983754611 174.43889512317
0.99994953524674 0.00324861397955169 -0.00950649604428374 0.0349085498899533 -0.00326163546385819 0.999993763427272 -0.001354562904666 -2.63122876894321 0.00950203630434149 0.0013855012716183 0.999953894783303 175.702293474801
0.999940331314793 0.0042999369898081 -0.0100421288552801 0.01383742611596 -0.00431876586118488 0.999988955308174 -0.00185405585243638 -2.65509894065462 0.0100340456197206 0.00189731482663517 0.999947857703065 176.965237713007
0.999935954557971 0.0044989690791504 -0.0103848957367869 -0.00836671100863622 -0.00451480608703082 0.999988680100078 -0.001502064479412 -2.6795747266998 0.0103780204391587 0.00154885406951408 0.999944947356021 178.226331011316
0.999933963543164 0.00426499373237539 -0.0106713814158142 -0.028320907479779 -0.00429263802911266 0.999987486811188 -0.00256894526912681 -2.70684328950264 0.010660291347332 0.00261458400277212 0.999939759254968 179.486889549678
0.999938027630838 0.00287123553100334 -0.0107562495450366 -0.0476315203708709 -0.00291581790353052 0.999987214683399 -0.00413140117778869 -2.73360982483497 0.0107442497971262 0.004162508410068 0.999933615106539 180.759598198417
0.999939454679657 -0.000257369423776287 -0.0110009425019253 -0.0655519037591959 0.000213364595113074 0.999991972874089 -0.00400108272054882 -2.76051705686124 0.0110018839523289 0.003998493262071 0.999931482953273 182.031042465641
0.999936282315314 0.00012038286569146 -0.0112879058019624 -0.0845025902779366 -0.000124024540092195 0.999999940493386 -0.000321917906786719 -2.785654720226 0.0112878663768572 0.000323297372248732 0.999936237742921 183.298951737678
0.999935171104811 -0.000756734386850794 -0.0113613793467201 -0.104018124820351 0.000801756814696943 0.999991842791468 0.00395872915649304 -2.80867250526996 0.0113582909630986 -0.00396758157977106 0.999927621142053 184.561441269019
0.999935096224878 0.000361938944094809 -0.0113873762537562 -0.127019043726188 -0.000324469292839784 0.999994528282841 0.00329213062553764 -2.82749139367135 0.0113885054955366 -0.00328822209991149 0.999929742300928 185.82774323427
0.999934798921697 0.0019263646989874 -0.0112555330602979 -0.152735655227965 -0.00192461990660378 0.999998134164915 0.000165846023286242 -2.84688278061175 0.0112558315392542 -0.000144172586959405 0.999936640728114 187.096132667569
0.999930559839745 0.00217496289625553 -0.011582099765327 -0.175617697532048 -0.00219427865764973 0.999996222589233 -0.00165527896057578 -2.87040955122753 0.0115784558446565 0.00168057837206532 0.999931555165947 188.34468304434
0.999930646911254 0.00208329313349499 -0.0115914303414333 -0.197991323067567 -0.00209979686763896 0.999996798832501 -0.00141179951340813 -2.89543543152338 0.0115884520430911 0.00143604124987358 0.999931820458162 189.607181324319
0.999932135197891 0.00188413795559166 -0.0114967396574512 -0.219784269814109 -0.00188682199447301 0.999998195170182 -0.000222618821048448 -2.92157699322241 0.0114962994632223 0.000244296014316621 0.999933885523493 190.855432263343
0.999934108124178 0.00202562197920997 -0.0112993922624952 -0.242041844547706 -0.00200427919782183 0.999996186714801 0.00189984756092573 -2.94579600977192 0.0113031975476664 -0.00187707523954642 0.999934355002239 192.109160376906
0.999942346275516 0.00131990667557918 -0.0106565459406052 -0.262091764635939 -0.00129061196357078 0.999995371044363 0.00275539663312819 -2.96840663257365 0.0106601334783368 -0.00274148430856857 0.999939421074102 193.35602566649
0.999955987616014 0.00130960277877695 -0.0092901975997824 -0.281411301714706 -0.00128942226571532 0.999996797078036 0.0021778943705652 -2.99063489328875 0.00929302002052404 -0.00216581952860382 0.999954473466001 194.593674093741
0.999968754494626 0.000151022574482243 -0.00790362110991023 -0.296653838586818 -0.000145541074238409 0.999999748512121 0.000694113456555419 -3.01264806944919 0.00790372394904651 -0.000692941467122972 0.999968524994592 195.829596746523
0.999977468534288 -0.000127502939252816 -0.00671164411734113 -0.311812971735139 0.000122171891708023 0.999999676761086 -0.000794702303849708 -3.03713461541628 0.00671174327475614 0.000793864423783711 0.999977160879932 197.068703846855
0.999985451980884 -0.000894203603184202 -0.00531941975240974 -0.324726307181342 0.00088697405327166 0.999998680082299 -0.001361290082359 -3.06231596318751 0.00532063000171007 0.00135655209098602 0.99998492521778 198.304546084044
0.99999138340684 -0.000590136045196969 -0.00410911809556928 -0.33805517722827 0.000587607789812439 0.99999963734737 -0.000616459417444044 -3.08731734220032 0.00410948040030944 0.000614039555861828 0.999991367525872 199.53253214753
0.999995690335884 -0.00106888555736358 -0.0027343725650031 -0.348316496779385 0.00107242045008306 0.999998590811817 0.00129162252929646 -3.11130245862613 0.00273298811509046 -0.00129454935989405 0.999995427448505 200.765206512852
0.999998573806666 -6.91662594719439e-05 -0.00168748352978222 -0.358097643403313 7.20765320338426e-05 0.999998510239233 0.00172462294099222 -3.1358082153371 0.00168736173011763 -0.00172474210930717 0.999997089033287 201.983595704754
0.999999870710386 -0.000249042768649487 -0.000443347392913534 -0.367402076295134 0.000249806079967926 0.999998485331666 0.00172247824281628 -3.15742217834135 0.000442917750638747 -0.00172258877099202 0.999998418254645 203.173335656824
0.999999859936782 0.000115046235284065 0.000516614731831175 -0.373118521126835 -0.000116046262528408 0.999998118987237 0.00193611860509957 -3.18078252619478 -0.000516391016915691 -0.00193617828512936 0.999997992274967 204.390243721547
0.999998723125613 -1.78830737519767e-05 0.00159794472336062 -0.377791776761038 1.44211728327527e-05 0.999997653126878 0.00216645626931602 -3.20382093924714 -0.00159797971608434 -0.00216643045878646 0.999996376513382 205.581919134324
0.999996981534558 0.000326275123204695 0.00243525487718017 -0.383093001304081 -0.000331185548111523 0.999997912504245 0.00201625972650381 -3.225830160197 -0.00243459193820527 -0.00201706016171479 0.99999500210271 206.769479412149
0.999994778487971 0.000144838063645144 0.00322831515325108 -0.38600208542003 -0.000151721142526501 0.99999771587507 0.00213195340885083 -3.24806097035771 -0.00322799899137244 -0.00213243208049394 0.999992516349964 207.954475227277
0.99999259591895 -0.000840537614621913 0.00375521022031972 -0.386832784837235 0.000832321558455203 0.999997257896792 0.00218893575055287 -3.27099232598158 -0.00375703980598006 -0.00218579400107225 0.999990553433622 209.121482271378
0.999991866665292 -0.000970237540861214 0.0039147467834613 -0.388923340604776 0.000958559963661255 0.999995089200166 0.00298374569103005 -3.29263927808414 -0.00391762250100527 -0.00297996890369317 0.999987885936261 210.270259434293
