1 1.01143095809607e-19 -4.67680227212146e-16 -1.11207349382989e-16 -1.01143095809624e-19 1 -3.71230056235428e-17 -4.98880072056244e-19 4.67680227212146e-16 3.71230056235428e-17 1 -1.83860617329568e-17
0.999990977053582 -0.00258776352477431 -0.00336887093273095 -0.00209230342575096 0.00258056176925815 0.999994379828057 -0.00214033017434013 -0.0057693395248734 0.00337439066745318 0.00213161728272108 0.99999203481597 0.673030928488332
0.999971595879735 -0.00119503492558157 -0.00744172864744273 -0.0141388843036394 0.00116697289610592 0.999992197129353 -0.00377410316094261 -0.00818434954324324 0.00744618076568678 0.0037653116652308 0.99996518780409 1.36621663260844
0.999934514901649 -0.00123419672494109 -0.0113772873238117 -0.0291465412353376 0.00117425573869215 0.999985404745541 -0.0052736533216179 -0.0120938165801403 0.0113836299950661 0.00525994813098073 0.999921369865548 2.07314827980569
0.9998664914564 0.000264784476751408 -0.0163379665763307 -0.0476740456974803 -0.000362695269124507 0.999981993017564 -0.00599016633851811 -0.0173502074389016 0.0163360862757939 0.00599529230331868 0.999848582914127 2.79914118098986
0.999783230852094 -0.000754285110603445 -0.0208067864150491 -0.0655721476780231 0.000624707864384026 0.999980376788172 -0.00623344035581392 -0.0264369884713826 0.02081107991032 0.00621909097515343 0.999764083101813 3.54141754721411
0.999678065222329 0.00114329432760055 -0.0253467708282929 -0.0932589168996819 -0.00133493103029306 0.999970645299027 -0.00754496516841147 -0.0356436267942486 0.0253374006655356 0.00757637237262386 0.999650246190729 4.29694355968992
0.999533488217387 0.00392242338729253 -0.0302889505720217 -0.125572869954542 -0.00417303023296059 0.999957548119193 -0.00821509452939393 -0.0448358288500714 0.0302554416701913 0.00833765879746238 0.999507424532264 5.07582376850687
0.999388552953132 0.00425829176660154 -0.0347042818320098 -0.157495242421259 -0.00449303602712101 0.999967534751437 -0.00668895136725621 -0.0530716965938149 0.0346746716423395 0.00684078901626264 0.99937524021367 5.86584782033448
0.999227139500524 0.00346749633494965 -0.0391548228800391 -0.194375583210706 -0.00362649181829974 0.999985462555905 -0.00399039270551322 -0.0641627743863949 0.039140416996909 0.00412930333343517 0.999225188138934 6.66005508612362
0.999083225045735 0.00307547799570923 -0.0426995417693461 -0.23267847463882 -0.00313734063047968 0.999994123771352 -0.00138185257322094 -0.0728050623759135 0.0426950409998932 0.00151454873268715 0.99908700302634 7.46776209550819
0.998957616491342 0.00452664681048604 -0.0454223504740734 -0.276825313429329 -0.00462478410715527 0.999987192664199 -0.00205569441686811 -0.0817001267381282 0.0454124633322026 0.00226362015949126 0.998965757269925 8.28617529184898
0.998857179146717 0.0041312179772581 -0.0476158451052571 -0.323068156940119 -0.00424452536631789 0.999988395584559 -0.00227874979618032 -0.0898222832319164 0.0476058785390853 0.00247825225578176 0.998863123052542 9.10681008643015
0.998777367361802 0.00133553480754241 -0.0494164627690564 -0.366419406647661 -0.00148397786942722 0.999994496299978 -0.00296735226022804 -0.0967157676786937 0.0494122277934394 0.00303705721564031 0.998773852294882 9.93757642582069
0.998669598465493 0.0012699621132273 -0.0515501726185511 -0.412577258715847 -0.00138729857325644 0.999996527903674 -0.00224044264921987 -0.104905365467918 0.0515471483541048 0.00230897744180621 0.998667892805077 10.7800456081279
0.998593823940472 9.82876252996668e-06 -0.0530129671999357 -0.459490365464047 -0.000139450411798493 0.999997010067835 -0.00244139488244782 -0.117450810016185 0.0530127846988694 0.00244535453151896 0.998590839583303 11.6197323267431
0.998489656971133 0.00241314232418538 -0.0548869899501926 -0.514342116937914 -0.00267857775178512 0.999985069488182 -0.00476298456250317 -0.129111729905692 0.0548746766997033 0.00490280989211563 0.998481212798851 12.4790461096357
0.998412476751304 0.00300015116797608 -0.0562452252222053 -0.570574206357414 -0.00342346989300755 0.999966526045038 -0.00743146306657806 -0.140366780926061 0.0562210469594704 0.00761221928136169 0.998389326864222 13.3473664254219
0.998289710218902 0.00692846461282268 -0.0580486937766044 -0.631668857276568 -0.00746812468678548 0.999930843463524 -0.00908489977866289 -0.152292301697364 0.0579817349233683 0.00950287685043785 0.99827241459776 14.2291701964627
0.998220594448207 0.00795399663058056 -0.0590963514700278 -0.692346161668526 -0.0084874238594934 0.999925427134337 -0.00878087731629653 -0.166593485577613 0.0590221014171611 0.00926682835792602 0.998213663218695 15.1183466890762
0.998142970492574 0.0072083573805691 -0.0604867757458966 -0.750094293127461 -0.0076690715184686 0.999943299197155 -0.00738808045122369 -0.181815576741925 0.0604300901729015 0.00783823797693939 0.998141656393075 16.015106617463
0.998051997195815 0.00780174341000114 -0.0618978488576897 -0.811860043104374 -0.00818365382245647 0.999948995975553 -0.00591888989574804 -0.1962689735456 0.0618485141580547 0.00641391044903953 0.99806493929463 16.9212453666442
0.997989659374263 0.00744048396573639 -0.0629386922361653 -0.873180123490694 -0.00782760946814839 0.999951919766593 -0.00590649516368389 -0.211154236968278 0.0628917189465932 0.0063872805997613 0.99799991700124 17.8293432457154
0.99788116702897 0.0073790136900691 -0.0646430711357546 -0.936028287945198 -0.00783573177632547 0.999946080163282 -0.00681454867304727 -0.225325774599464 0.0645893009439639 0.00730663554925383 0.997885181411429 18.7383260765095
0.997816945085754 0.00604849986141434 -0.0657629055711439 -0.997976383126888 -0.00656451092579232 0.999949318803073 -0.00763328380026235 -0.239860190154362 0.0657134027123681 0.00804832123468398 0.997806079972088 19.6547906417006
0.997774392009632 0.0063139878211824 -0.0663806915269974 -1.06302288392849 -0.00672445678644608 0.99995961763978 -0.00596194352808974 -0.253831160206059 0.0663403672791735 0.0063950486705632 0.99777655766297 20.5784895352936
0.997761052472953 0.00782230938677448 -0.0664205814783487 -1.13092014069872 -0.00801189381405542 0.999964554225654 -0.00258840680743561 -0.268377256647862 0.0663979798305391 0.00311476614628746 0.997788357572024 21.5109663095825
0.99780603544351 0.00906978846836681 -0.0655809009517515 -1.19733325762212 -0.00901537421451857 0.999958727149299 0.00112562237239387 -0.28294516638129 0.0655884033978305 -0.000531916433399534 0.99784662068107 22.4335693894456
0.997914034757175 0.00777996122116905 -0.0640862812000549 -1.25942163906924 -0.00754375214921017 0.999963834774083 0.00392695141572994 -0.289811684487373 0.0641145150349489 -0.00343530891002866 0.997936635069846 23.3694164586107
0.998004478198923 0.00798149238583326 -0.0626367086794193 -1.32097663406838 -0.00770494735259124 0.999959479840421 0.00465536932675584 -0.297543379639818 0.0626713274248229 -0.00416346689305771 0.998025535876834 24.315127862292
0.998084002298789 0.00824731380426051 -0.0613213353592723 -1.38303445705665 -0.00815309319290862 0.999965167019179 0.00178656645361397 -0.305839896250385 0.061333933728549 -0.00128318483449804 0.998116477175917 25.259652044257
0.998128108650998 0.00896397510518539 -0.0604973211894205 -1.44484469170265 -0.00916782536968965 0.999953191556365 -0.00309284241930633 -0.314420023506078 0.0604667652415206 0.00364168183033643 0.998163567986066 26.2084851966662
0.99820372364841 0.00809922207033414 -0.0593610031611994 -1.50490884929177 -0.00847323958143924 0.999945788965512 -0.00605172216269747 -0.32517058656809 0.0593087708981061 0.00654383159886964 0.998218236640947 27.1650804481275
0.998259591280787 0.00552825931739151 -0.0587130885308828 -1.56202323256493 -0.00583555893996758 0.999970151900953 -0.00506374950435029 -0.338051369471016 0.0586833423364227 0.00539756019923051 0.998262055612714 28.1301190177719
0.998250547294465 0.0036507334948779 -0.0590128542882933 -1.6200969079843 -0.00366712051229701 0.999993261744456 -0.000169389588304386 -0.349294418542797 0.059011838248357 0.000385500497680632 0.998257208506864 29.110384621065
0.998205634137743 -0.000143526928172407 -0.0598789727340694 -1.67706150046183 0.000343152704143674 0.999994418111024 0.00332355126579445 -0.364028464817784 0.0598781614771878 -0.00333813523027669 0.998200111516371 30.0906215553355
0.998109626402898 -0.0074839743130697 -0.0610013426929989 -1.72970714241394 0.00765693900161101 0.999967299502835 0.00260215490169962 -0.372056534176999 0.0609798734583222 -0.00306431941679454 0.998134292056695 31.0668198859412
0.99799641484978 -0.00966855026727903 -0.0625273946579801 -1.78995534907492 0.00960232757346821 0.999952972402898 -0.00135951748066634 -0.379233036579727 0.0625375987079573 0.000756385045809164 0.998042322063301 32.0488270596712
0.997902449771412 -0.00954837037233812 -0.0640275672148104 -1.85810423118349 0.00922569758352836 0.999943219281936 -0.00533335880798396 -0.389358851575098 0.0640748565687953 0.00473147284786426 0.997933878531227 33.0361767825133
0.997771158665443 -0.00825388979114995 -0.0662162233801925 -1.92871746135154 0.00786555072066288 0.99995031808075 -0.00612327380313152 -0.402631547269934 0.0662634744582615 0.00558879893384864 0.997786508868103 34.0211332241597
0.997715653170836 -0.00827419043152681 -0.0670448595389324 -2.00181576755658 0.0079713301558853 0.999956786869686 -0.00478354354000444 -0.41671491931532 0.0670815422708678 0.00423817955684688 0.997738495058001 35.0126918880961
0.997659623629745 -0.00500884629233974 -0.0681922784322103 -2.08044022487103 0.00487958464405135 0.999985968838018 -0.00206198467311951 -0.430965772918762 0.0682016497795905 0.00172440885823403 0.997670066395415 36.005900937476
0.997562801543961 -0.00513686527464026 -0.0695849810728843 -2.15450841198004 0.00509011635754723 0.999986684764952 -0.000849122056816734 -0.441970431935763 0.0695884163581131 0.00049285692745217 0.997575666002744 37.0141918923862
0.99749450439868 -0.00380018115898263 -0.0706418595281264 -2.23077700313838 0.00392534212133594 0.999990962407892 0.00163303146593897 -0.451372289717662 0.0706350152804053 -0.00190623337951949 0.997500406461391 38.0244123964883
0.99749656798746 -0.00395086934481023 -0.0706044438024863 -2.30583435848508 0.00428788137864966 0.999980123930499 0.00462231730054839 -0.460857647266321 0.0705847782919294 -0.00491348912327668 0.997493682535441 39.0315250621564
0.997461227362558 0.00183025839917562 -0.0711881314726742 -2.38887226928187 -0.00134761964659427 0.999975786325682 0.00682720174178984 -0.467480047845204 0.0711989032897741 -0.00671393450424058 0.997439541653431 40.0338270085239
0.997441639519079 0.0016311739464028 -0.0714668806164589 -2.4666115192736 -0.00118989024085066 0.999979967588063 0.00621679851618169 -0.475320784936511 0.0714755896422361 -0.00611585596075048 0.997423599275234 41.03327479973
0.997441660439891 0.00163301690051043 -0.0714665465425316 -2.54208009599426 -0.00132003841322444 0.99998933226743 0.00442638113209462 -0.479551833469431 0.0714730125117222 -0.00432071835943963 0.997433175644042 42.0349426133742
0.997431901200046 0.00396270690108308 -0.0715115334926991 -2.62240421624501 -0.00381700216749882 0.99999035197555 0.00217404007974231 -0.489273865708072 0.0715194586313027 -0.00189549725167967 0.997437403613507 43.0334949959099
0.99735502195624 0.0034919280981692 -0.0726000455704053 -2.6978458002692 -0.00334345041941517 0.999992063618277 0.0021665732740747 -0.500038962173297 0.072607034906823 -0.00191810808252264 0.997358781654537 44.0308304185431
0.997259598038137 0.00143223454832298 -0.0739678499417892 -2.77060104929708 -0.00119439792798942 0.999993974390115 0.00325953939261112 -0.50899438681822 0.0739720726653112 -0.00316225989775653 0.997255299598822 45.0255496056222
0.997188885361888 0.00202607274924174 -0.0749014148059325 -2.84625455569749 -0.00171025362397953 0.999989376701789 0.00428036401602205 -0.521359532007237 0.0749092914347563 -0.00414023100596712 0.997181757025248 46.0067102064969
0.997157809497361 0.0043734757859167 -0.075214198579625 -2.92984384998361 -0.00433499290760406 0.999990376130506 0.000674894703154946 -0.534370856852051 0.075216426363636 -0.00034692350644556 0.997167171967251 46.9900948402984
0.997085532188043 0.00481741166661167 -0.0761395695162622 -3.01059401212439 -0.00510258640187942 0.999980675657758 -0.00355132694433943 -0.546241417536729 0.0761209899653091 0.00392948544832905 0.997090845425236 47.9587162163322
0.997033886919756 0.00572360513372662 -0.0767506917099529 -3.09148670782781 -0.00611596854727772 0.999969399043609 -0.0048781046619181 -0.558997229813202 0.076720422720497 0.00533304046835346 0.997038382118237 48.926325181078
0.997022173219963 0.0044698188777437 -0.0769857572992755 -3.16786909836397 -0.00458806541750556 0.999988551116937 -0.00135915075459913 -0.575984114591603 0.0769788007406421 0.00170831912978926 0.997031266251106 49.9083427711296
0.997001036581665 0.0026766987083884 -0.0773418925234518 -3.24230632358263 -0.00255507578492292 0.999995338912188 0.00167144896161689 -0.590884157871638 0.0773460059913759 -0.00146882195057861 0.997003228640339 50.8819528570488
0.996977534823467 0.000834071859278177 -0.0776859020766016 -3.3176980688484 -0.000661206901712346 0.999997248183206 0.00225087348558261 -0.603907835155989 0.0776875656894648 -0.00219270384423685 0.996975342818014 51.8493021186811
0.996954988084437 -0.00229052329771984 -0.0779455273674007 -3.39228111044005 0.00237153002199471 0.999996739774764 0.000946723400482042 -0.616447081583893 0.0779431047554201 -0.00112869077467883 0.996957169831393 52.8038305541695
0.996906473694179 -0.00496611579562255 -0.0784399158626626 -3.46744013803679 0.00494545845091303 0.999987666440195 -0.000457611411751664 -0.628984407591519 0.0784412209705294 6.82744340196543e-05 0.996918738007895 53.7628983805152
0.996806934612203 -0.00640511472577592 -0.0795921454313918 -3.54364165806558 0.00648330488044277 0.999978721063435 0.000724001495024286 -0.64227580984166 0.0795858144825408 -0.00123770985583007 0.996827249932235 54.7211450946581
0.996689289137052 -0.00932261245627571 -0.0807684951974927 -3.61977506665125 0.00974105882070255 0.999941090127673 0.00478832406294592 -0.653004664945118 0.0807190974461987 -0.00555924196903382 0.996721386414579 55.679225580228
0.996621285549751 -0.0101970582276464 -0.0814986698827926 -3.69514537272062 0.0110258193535426 0.999891917753809 0.00972543665826994 -0.661343376244683 0.0813906904795964 -0.0105911667965793 0.996625999404562 56.6322918583726
0.996592407125856 -0.00822924190297198 -0.082072246446624 -3.77938646038237 0.00923967039687385 0.999886034871678 0.0119392528891575 -0.668591669506984 0.0819646420723604 -0.0126568892819876 0.996554865827092 57.5801803993396
0.996470923190958 -0.00715534686010354 -0.0836331288800805 -3.86128924953439 0.00784511557454784 0.999937847454761 0.00792182991234621 -0.676052092965174 0.0835712474274648 -0.00854998472804265 0.996465124509919 58.521023926892
0.996360982467479 -0.00576865674098475 -0.085038316163042 -3.94381367395617 0.00579672518363638 0.999983195390353 8.31507304111392e-05 -0.683219209522346 0.0850364074593123 -0.000575791892321669 0.996377678327907 59.4504695027446
0.996290200485836 -0.00416676489391031 -0.0859562358773962 -4.02852427018003 0.00376997631586803 0.999981478916584 -0.00477798099410633 -0.694091287200834 0.0859745525982513 0.00443620266907676 0.99628745671689 60.3669992612846
0.996205454673125 0.000771476008843439 -0.0870292876236553 -4.11810040653654 -0.00111415823542926 0.999991816956735 -0.00388904499764902 -0.709189652174831 0.0870255751543164 0.00397125223765662 0.996198162227137 61.2760653040714
0.996117300177921 0.00360858814850512 -0.0879619370968107 -4.20647357679328 -0.00376961311261246 0.999991509565873 -0.00166457596613077 -0.727175102766964 0.0879551834926744 0.00198969538881416 0.996122445690804 62.1692898009098
0.996001123463865 0.00623465012924103 -0.089122899394513 -4.29235877644096 -0.00627172826894091 0.999980323270313 -0.000136002646814994 -0.744989860926517 0.0891202978183932 0.000694413396564337 0.996020627450454 63.0624359173402
0.995897155623413 0.00692777325856249 -0.0902267220887101 -4.37831702097892 -0.00699768956326874 0.999975410719998 -0.000458580578248787 -0.756852631078622 0.0902213265363102 0.00108807768499022 0.995921145636029 63.9431763596906
0.995736286452656 0.00863896509938545 -0.0918401661773658 -4.46485704736762 -0.00863869035858961 0.999962605603782 0.000400528380514818 -0.77179703684766 0.0918401920205036 0.000394558115854956 0.995773680839944 64.8101308060907
0.995598028999314 0.00948659388483999 -0.0932446737843218 -4.54881612867079 -0.00943604238341759 0.999954996371282 0.000983024032219522 -0.787695931340174 0.0932498029854156 -9.88360950799068e-05 0.995642739377236 65.6539746466013
0.995452731872705 0.00940401136336243 -0.094791472071312 -4.6306599417014 -0.00930615270532604 0.999955609875398 0.00147438141143899 -0.803277265063409 0.0948011293656027 -0.000585533089581 0.995496058767692 66.4822476134063
0.995334021177411 0.00929905552796609 -0.0960401679147472 -4.71404639421687 -0.00910205350030975 0.99995547739604 0.00248914598500699 -0.814158682611491 0.0960590386631187 -0.00160336893601586 0.995374346815896 67.2979947912174
0.995172533694842 0.0120913912518087 -0.0973931539533664 -4.79935169827982 -0.0116438278929685 0.999918881613401 0.00516250569056616 -0.824628275576069 0.0974476754539961 -0.00400355474570838 0.995232596983243 68.097673382063
0.995031923187126 0.0136137651945075 -0.0986211804622018 -4.88374007188091 -0.0127554446246334 0.999875130782392 0.00932853018014497 -0.83523686040027 0.0987358621320403 -0.00802422831945721 0.995081323957454 68.8837002046865
0.99481500011061 0.0168713000109736 -0.10029194778678 -4.96895764378212 -0.0158328596276274 0.999812579647727 0.0111411908775399 -0.845331127015882 0.10046111740837 -0.00949551547298276 0.994895672457652 69.6495079513971
0.994625905278786 0.0196733378528165 -0.10164776596701 -5.05658947521909 -0.0190570325310793 0.999793677710911 0.00703075532222308 -0.856410881984583 0.10176511219207 -0.00505586659441493 0.994795607224678 70.3988148692626
0.994489703128718 0.0195815291269615 -0.102989291132641 -5.13889141561109 -0.0197108882779136 0.999805693150303 -0.000238385272011839 -0.869061214155824 0.102964611659781 0.00226708210973032 0.994682436300379 71.1230380939986
0.99434816629464 0.0186955213321176 -0.104509337710113 -5.21518427477276 -0.0194329755027763 0.999792902595053 -0.00604246503236233 -0.88145835729039 0.10437472706357 0.00803924142436098 0.994505548977846 71.8258992669946
0.994286921254177 0.0195557118124203 -0.104933752236349 -5.29694954470223 -0.0204322877917317 0.99976469724515 -0.00728503657565364 -0.890928801254423 0.104766596959555 0.00938745321279008 0.994452530734219 72.5205059170646
0.99414408368452 0.0224418586844065 -0.105706687838828 -5.37646904693639 -0.0229608955401311 0.999729533335286 -0.00369559916754855 -0.906964675692522 0.105595161589258 0.0061010782654484 0.994390486022939 73.1958099034447
0.994006969260028 0.0227013939958517 -0.106933585805108 -5.45229958209914 -0.0229739871588956 0.99973519455172 -0.00131783483676859 -0.928347416586131 0.106875352521131 0.00376662783922283 0.99426529233309 73.8495922957761
0.993954071021166 0.0196082681656146 -0.108031571866726 -5.5201814605764 -0.0202131370238641 0.999785536332517 -0.00450670965954482 -0.946237309707548 0.107920034248071 0.00666311937806054 0.994137248597018 74.4783040017243
0.994081743444542 0.0115590075625883 -0.108017946168348 -5.57984976053122 -0.0126808779920305 0.99987249769934 -0.00970482755301331 -0.962292211421703 0.10789199545662 0.0110171542900386 0.994101574099819 75.0903220899782
0.994223459259034 0.0075658479706259 -0.10706293010882 -5.63872008273422 -0.00916950906884197 0.999852906364166 -0.014494334705898 -0.977693111726219 0.106937519900347 0.0153923220995258 0.99414659042716 75.684043952188
0.994535281886221 0.0101808832329497 -0.103903429683974 -5.70405243301806 -0.0117689540245859 0.999822942668713 -0.0146824737167309 -0.993854360682435 0.103735552269522 0.0158250728236035 0.994479010470038 76.265185750826
0.994895312031084 0.0152289044086334 -0.0997566968633432 -5.77179093429515 -0.0164791342051544 0.999795510191998 -0.0117207480891837 -1.00947151524633 0.0995578034833069 0.0133048213229001 0.994942825239292 76.8343749207062
0.995367932952466 0.0137638588738326 -0.0951484852156676 -5.82197935048457 -0.0146537083469851 0.999855127884739 -0.00865979643370827 -1.02450605068325 0.0950155086373609 0.0100139618280171 0.995425423468223 77.3864519964822
0.995930017862963 0.0101862017412584 -0.0895524472784809 -5.86021889394988 -0.0106327328624895 0.999933297501807 -0.00451060295716914 -1.03840239600417 0.0895005279948317 0.00544443213280045 0.995971894004744 77.9324799602183
0.996666177637901 0.00587457979347805 -0.0813757928680633 -5.89335476815928 -0.0059784371828121 0.999981595769895 -0.00103267146064101 -1.05576405255343 0.0813682286983504 0.00151572878329607 0.996682955570501 78.4617734597259
0.997454905943272 0.00958554532185034 -0.0706528692310521 -5.92923518860064 -0.00969458986491319 0.999952285563799 -0.00120063445163921 -1.06858840265898 0.0706379893332795 0.00188252931400643 0.997500240875326 78.9741173882462
0.998348705740278 0.0149506344330667 -0.0554647660840692 -5.96197623691606 -0.0150697014649164 0.999884950585454 -0.00172907214497687 -1.08027998583088 0.0554325341696553 0.00256205440477757 0.998459147903787 79.4757383312432
0.999096855244547 0.0200763773086985 -0.037448803914348 -5.97845674782036 -0.0201377240190903 0.999796419456135 -0.00126163149233115 -1.08981174746761 0.0374158510766154 0.0020146257345377 0.999297751108929 79.9669119105628
0.999707154465394 0.0186377620395052 -0.0154349971449328 -5.9696859768098 -0.0186539633948786 0.999825588894821 -0.000906333706092828 -1.09767941550459 0.0154154130780798 0.00119399216205577 0.999880462566576 80.4501483041548
0.999826457601608 0.0152459690425367 0.0107058445614863 -5.94249302610658 -0.015246170556859 0.999883768415144 -6.27955631249375e-05 -1.10862330378218 -0.0107055575834171 -0.000100438466707337 0.999942688832186 80.9167572376562
0.999088954567772 0.0142910987210878 0.0402122538291513 -5.90420881470362 -0.0143581960550714 0.999895963139197 0.00138025504207651 -1.12032730333215 -0.0401883449114305 -0.00195637299132036 0.999190206886556 81.3713036308265
0.997225005683185 0.0137573935868956 0.0731643503481521 -5.84853335459595 -0.0139948494709646 0.999898330009731 0.00273383101801248 -1.12989373999976 -0.0731193013400494 -0.00375016872223766 0.997316150478923 81.8234567239762
0.993758486280736 0.0138365677709705 0.110691554950413 -5.77646067564637 -0.0142597538911001 0.999893726527712 0.00303233729833314 -1.13765916700111 -0.110637834233982 -0.00459184525490023 0.993850182166894 82.2654665961818
0.988216511682029 0.0142734265451949 0.152395522682465 -5.68755331177865 -0.0148613739972306 0.999885865104992 0.00271961875188456 -1.14404009240047 -0.152339310756998 -0.00495237901417994 0.988315844424333 82.6951129951799
0.980211979826897 0.0142368984407019 0.197438054403459 -5.57429667218766 -0.0150086354351819 0.999884452803256 0.00241286234744607 -1.15225353995944 -0.19738088931355 -0.00532839235821302 0.980312395498837 83.116795786261
0.969002070126495 0.016594397050793 0.246494653242395 -5.44449533404392 -0.0171461057287001 0.999852990499883 9.19063705530822e-05 -1.16372913488423 -0.246456891055836 -0.00431548084937711 0.96914414690289 83.521080248471
0.953807788991074 0.0177055847104014 0.299895338293248 -5.29428748109446 -0.0175849094789533 0.999840562986104 -0.00310154255951682 -1.17458796471467 -0.29990243850055 -0.0023153569258924 0.95396706782977 83.9096107242349
0.934328196763395 0.018121544851673 0.355952848485654 -5.12009449455545 -0.0172761680532352 0.9998353301843 -0.00555396548860906 -1.18474789281044 -0.355994880230402 -0.000960274669607681 0.934487411965673 84.283851796347
0.910282361246662 0.0189336313975134 0.413554761071983 -4.9257879912929 -0.0172282872150405 0.999820742456501 -0.00785296589621791 -1.19201167614563 -0.413629313423067 2.35761359031989e-05 0.910445380306435 84.6383982317625
0.881475477341402 0.0193152183791104 0.471834616348478 -4.70835050078303 -0.0163777405259497 0.999812491574862 -0.0103320523677841 -1.19855105151002 -0.47194570923043 0.00137986587509241 0.881626532897663 84.9741229139847
0.848192431413219 0.017844633397517 0.529387540798081 -4.46933755289449 -0.0131302880631276 0.999833583774547 -0.0126649236841778 -1.2103201061331 -0.529525443041891 0.00379128150563609 0.848285583607215 85.2879008611204
0.811269805908666 0.0175480029333504 0.584408563946462 -4.21377608222763 -0.0115577899277825 0.999835508535256 -0.0139776022275191 -1.22437150853701 -0.58455771273066 0.00458513523209771 0.811339175081546 85.5855777853818
0.771216846817643 0.0164197822928636 0.636360719980506 -3.9371148869279 -0.0102464117395247 0.999857967711202 -0.0133811602968082 -1.23516831357838 -0.636490051949845 0.00379936229908517 0.771275552973776 85.8697709020362
0.728710242444561 0.0160946829046823 0.684632999305896 -3.638991629363 -0.011001931956346 0.999869907163781 -0.0117951787405148 -1.24143125368262 -0.68473377311888 0.00106298188624488 0.728792515068515 86.1320134286749
0.683337132858978 0.0151811415017139 0.72994513204677 -3.33014535000436 -0.00916685105450647 0.99988339054441 -0.0122136872056914 -1.24473326841751 -0.730045431256039 0.00165476769333877 0.683396612550915 86.3745983143641
0.636697968414474 0.0137019408491808 0.770991539404842 -3.00789025210277 -0.00482149159780139 0.999893312623217 -0.0137882772724243 -1.25246467936222 -0.77109821049958 0.00506163889807158 0.636696104571098 86.5889886752043
0.589714496429724 0.0110084521604686 0.807536764910222 -2.67335387386631 0.00195246138978261 0.999884740058071 -0.0150563771713077 -1.25939536596519 -0.807609435677394 0.0104556482359509 0.589625032393306 86.7803644388546
0.542938852266889 0.0131036479132163 0.839669992979671 -2.33665397310394 0.000951413372841122 0.99986801322518 -0.0162188452648459 -1.26895311063327 -0.839771693683294 0.00960471449328399 0.542854724532996 86.9567957349693
0.495931202270794 0.016004950087225 0.868214307752959 -1.99519605693203 -0.00243865033091996 0.999851858181997 -0.0170386230245126 -1.28206255468128 -0.868358391218055 0.00633271369267419 0.495896764597712 87.1154318288466
0.450497413955359 0.0181192997518991 0.892593844363737 -1.64666101237639 -0.00234613975605474 0.999814601558517 -0.0191117277771996 -1.29237009600153 -0.892774649980486 0.00651563403557573 0.450456402846419 87.2565238283695
0.408403487374554 0.0154962508228435 0.91266996099945 -1.28765031088555 0.00572415485465824 0.999792748985694 -0.0195369682097685 -1.30007987771849 -0.912783558984003 0.013203230137551 0.408230142398173 87.3706189789072
0.369240474532819 0.00788401162754047 0.92930044352052 -0.915292469181985 0.021568337684259 0.999621974062216 -0.0170503894822702 -1.30477106801189 -0.929083569317807 0.0263391596793851 0.368930847031076 87.4617319694968
0.334099538584968 0.00424133897239434 0.942528253879444 -0.541505395259469 0.02650348450282 0.99955217913156 -0.0138926780196589 -1.30903774213317 -0.942165093614978 0.0296218202862414 0.333837511577727 87.555997146103
0.300996083993329 0.00840803359131766 0.953588308648868 -0.169425220608083 0.0241238842092053 0.999573987088352 -0.0164281023540673 -1.31867253206387 -0.953320195753421 0.027949048417113 0.300665021346409 87.6558746038642
0.269893105614433 0.0160947783564625 0.962755768433227 0.20496315525604 0.0136275438792421 0.999696305258444 -0.0205325911768305 -1.33596229255754 -0.962793852073026 0.0186616012783435 0.269591808199196 87.7600583683524
0.241636997851044 0.020386952309059 0.970152531020294 0.587924526357989 0.0092030185119667 0.999686163023716 -0.023299783457986 -1.35671364446058 -0.970323072857594 0.0145584214277783 0.241373541726777 87.8469997014229
0.216175646651854 0.0220442249371096 0.976105599790092 0.982456998644793 0.0107178668962253 0.999631264789369 -0.0249491840508253 -1.37481828118392 -0.976295660711369 0.0158551758908337 0.215859668010546 87.9137556737103
0.19292130150993 0.0233608170178803 0.980936105794853 1.39096242618915 0.0184111517273434 0.999454362046852 -0.0274227583877521 -1.38747011469476 -0.98104148786674 0.0233505977177759 0.192385936779265 87.9679536450918
0.172968906961009 0.029611860077936 0.984482044004582 1.80678409166673 0.0256868652402971 0.999072334807692 -0.0345637783818968 -1.3897590268778 -0.984592272049116 0.0312667165629971 0.172047813867333 88.0146442514303
0.153376292193908 0.0363169015993942 0.987500276278984 2.23044473985375 0.0276803979427209 0.998774384212262 -0.0410307812641985 -1.39479434945159 -0.987780091195698 0.0336275497120712 0.152183045500413 88.0650097216746
0.135760744525764 0.0371465674340216 0.990045025629481 2.67196551804981 0.0252456525951749 0.998842678953008 -0.0409384871120345 -1.41158525325372 -0.990419949956005 0.0305521722607111 0.134665836422226 88.1213059294241
0.120337364570084 0.0326628986787734 0.992195572323434 3.13055259034851 0.0233471682511223 0.999089028366073 -0.0357214660000076 -1.43842979738574 -0.992458476926355 0.0274635840420746 0.119465154453437 88.1710919438337
0.105844346904867 0.0294539454369888 0.993946396606214 3.60166703678965 0.0235739362662063 0.999205966902174 -0.032120168679652 -1.4627993871789 -0.994103235965561 0.0268309672819922 0.105065957557687 88.2150312795064
0.0926418853644378 0.0269144873415521 0.99533566772585 4.08591616131802 0.0259482016754854 0.999229840890412 -0.0294349435863373 -1.48352893607204 -0.995361327310807 0.0285540793103885 0.0918721538269641 88.2501513562784
0.0811268888437917 0.0260622036964302 0.99636298076806 4.58386979638159 0.0298923963591729 0.999144765664884 -0.0285688971500555 -1.50097332885616 -0.996255425353575 0.0321013828822081 0.0802784446200641 88.279150744154
0.0709860780312916 0.0265964786444126 0.997122662489151 5.1034521749735 0.0331162760871402 0.999030542757029 -0.0290049460733177 -1.52011766317911 -0.996927424130691 0.035079936748989 0.07003648373406 88.3071650651502
0.0632018260013553 0.0271071114858017 0.997632564473008 5.63377234433638 0.0352868767894915 0.998945320662504 -0.0293782683786804 -1.53827256475503 -0.997376742017046 0.037060097590034 0.0621786430382611 88.3341676889771
0.0576407599982612 0.0274486538401823 0.997959976246134 6.18323936756831 0.0370710884752272 0.998873710018092 -0.0296149596311374 -1.5574362630536 -0.997648874697949 0.0387024913546126 0.0565582883126903 88.3610166365288
0.0521216347619694 0.028510447789987 0.998233684843662 6.7519413755967 0.0384700526700558 0.998793103202636 -0.0305350952579546 -1.57729283290662 -0.997899489045517 0.0399936415154166 0.0509619308997741 88.3864992183084
0.0461889468919937 0.0292056407181819 0.998505689385518 7.33654995275081 0.039033448905821 0.99875634530926 -0.0310185842843713 -1.59706272868708 -0.99816981072938 0.0404078365509768 0.0449915069067962 88.40988129022
0.0418864751045918 0.0292624484073151 0.998693763030751 7.94221562282908 0.0414733182638844 0.998658555537847 -0.0310008600403784 -1.61833285576945 -0.998261231880461 0.042717661034633 0.0406166758885466 88.4313572340933
0.0390070827947009 0.0291761483892852 0.998812895319746 8.56242312108178 0.0430419121754213 0.998596827392844 -0.0308507717444792 -1.64101868066011 -0.9983114951197 0.0441942155277481 0.0376965519080495 88.4513732557909
0.0359202787946037 0.0287985994489855 0.998939624922895 9.20486757600295 0.0437030841228833 0.998583157279969 -0.0303598161212476 -1.66372958559586 -0.998398604771394 0.0447472755209149 0.0346107977947518 88.4741415934174
0.0335388592941126 0.0282446334243727 0.999038230299508 9.86220990472931 0.0457472969711842 0.998509489872531 -0.0297654741996155 -1.68723962638732 -0.998389868606989 0.0467015986580814 0.0321967536515639 88.4937333720404
0.0329484104555172 0.0278565208269545 0.999068774657617 10.5338473648668 0.0501782963189035 0.998304800753391 -0.0294900554639056 -1.71162235191307 -0.998196644367725 0.0511032194695144 0.0314947635784674 88.5097966370596
0.0340146112644611 0.0274717342841364 0.999043697760989 11.2247841756466 0.0536012491441349 0.998133295393747 -0.0292716708885441 -1.73712721464182 -0.997982921853233 0.0545456546558996 0.0324785967591483 88.5295056929477
0.0365381634257056 0.0274025828152627 0.998956486073607 11.9350363897339 0.0553123932727035 0.998036147656518 -0.0294004612443993 -1.76202336436919 -0.997800331611451 0.0563289128777603 0.0349507054304699 88.5547491394341
0.0404191631566768 0.0272862480838076 0.998810168107646 12.6567857863157 0.0577047317238045 0.997894892804045 -0.0295963993128739 -1.78888939100453 -0.997515140329408 0.0588323344863369 0.0387595308600359 88.5841388204308
0.0447252468811024 0.0267111049103754 0.998642162721909 13.396955327856 0.0580570595863995 0.997883468933259 -0.02929095870584 -1.81738421582909 -0.997310899430868 0.0592882729061396 0.0430798162972106 88.6191061954328
0.0488360260996944 0.0250661807782896 0.998492227879607 14.1558472961296 0.059498448934804 0.997836752785091 -0.0279597812162141 -1.84301870172276 -0.997033087279025 0.0607741834375103 0.0472389828252193 88.6567785113473
0.0527579746456291 0.023457025585805 0.998331790569627 14.9301902505839 0.0592383877957995 0.997890007820225 -0.0265771650840627 -1.87139332582744 -0.99684873954008 0.0605417231602961 0.0512570993535182 88.7036682567169
0.0568927352841918 0.0213437741413521 0.998152122663318 15.7202286026271 0.056177775349742 0.998119029012728 -0.0245450907401666 -1.90008573416355 -0.996798512352741 0.0574704030618548 0.0555866759509073 88.7554392013158
0.0609798996529889 0.0202803389045314 0.997932943484796 16.5207055388674 0.055338013206628 0.998187145455336 -0.0236670011211798 -1.92624303111 -0.996603811016522 0.0566668377593475 0.059747078302636 88.8103132844853
0.065046098852185 0.0211239218553928 0.997658651518423 17.3278145672854 0.0525593902587144 0.998315625946616 -0.0245646389439848 -1.95714142722514 -0.99649712268513 0.0540341643431582 0.0638262764384124 88.8709247117977
0.0682324002744337 0.0250367292182894 0.997355253529473 18.1271319962595 0.0502625893697901 0.998329320806428 -0.0284998127716569 -1.9942770245231 -0.996402534953938 0.0520742681967369 0.0668599949831062 88.9287148457799
0.0695498779739334 0.0303293880052583 0.997117316416197 18.9384903056063 0.0448513747077211 0.998431896330656 -0.0334977995754531 -2.0235011079509 -0.996569700854205 0.0470518502590082 0.0680805018090004 88.9980795463186
0.0694622895452162 0.0334402801808889 0.9970239405313 19.7577835629388 0.0419596360384835 0.998455599195556 -0.0364116104911666 -2.05866973248911 -0.996701750412155 0.0443639954970929 0.067951869943949 89.0614398546289
0.0696198323380517 0.0329885450634291 0.997028001030974 20.5807672495247 0.0397258145046213 0.998568603155397 -0.0358134674979026 -2.09628501632014 -0.99678229248275 0.042101077027518 0.0682096819077541 89.1256229354325
0.0695251995015893 0.0310537061832796 0.997096742531309 21.4063960042507 0.0369848680772316 0.998747970060332 -0.0336839996686233 -2.14002934518101 -0.996894360585701 0.0392193782797304 0.0682896346437543 89.19286120891
0.0694219437315043 0.029918581451396 0.997138642422645 22.2302625788887 0.0378484853299901 0.998751520541985 -0.0326020302020982 -2.17737649629163 -0.99686914180687 0.0400034835859226 0.0682028988696628 89.2528397654227
0.0698255364760937 0.0292249805070949 0.99713103199639 23.0508614646234 0.0352435752554705 0.998874469083068 -0.0317440611332321 -2.21782904778451 -0.996936449759481 0.0373590086642876 0.0687169528761571 89.3176914757564
0.0699542258286547 0.0294034294318548 0.997116765793435 23.8658798741085 0.0334466688713889 0.998934360154005 -0.031803528815459 -2.26112423466135 -0.996989331251905 0.035575025528508 0.0688962330503256 89.3794157273557
0.0700752829804298 0.029977020060296 0.997091185892001 24.6810878004452 0.0304759769228712 0.999017452285048 -0.032176775172281 -2.30052846384254 -0.99707606006052 0.0326421245968381 0.0690928516996887 89.4436504814341
0.0688292594111237 0.0312382252638741 0.997139261252549 25.4942674900618 0.0275140669441047 0.999070004758576 -0.0331979172824837 -2.34190878991917 -0.997248970502909 0.0297203444472428 0.0679057579062754 89.5077775035398
0.0659667289226503 0.0308297766428417 0.997345434414475 26.3052477001789 0.0242619992058851 0.999177501906982 -0.0324911538338824 -2.38126125807228 -0.997526814712156 0.0263409292751009 0.0651644793974826 89.5686902329552
0.0620067643273223 0.0294939671199808 0.997639848382763 27.1198711556616 0.0215871844177323 0.999289819480856 -0.0308844645547471 -2.42035125648892 -0.997842249379415 0.0234512811045389 0.0613260366238123 89.6275724429094
0.0570258561869665 0.0270201491246677 0.998006995600444 27.9308816747706 0.0191334787523611 0.99942052796195 -0.0281517011757728 -2.460067524745 -0.998189341616598 0.0207007205076969 0.0564758218486979 89.6807195403318
0.0507062705991602 0.0249976924647026 0.998400715891853 28.7421051269951 0.0169515134549908 0.999521148592874 -0.0258866704534742 -2.49573894662584 -0.998569737331104 0.0182370196858383 0.0502582411099746 89.7293280660784
0.0432964682956121 0.0251550123897892 0.998745533749612 29.5504759780011 0.0163413590865332 0.999531399724354 -0.025883217502455 -2.53253348196574 -0.998928613974158 0.0174415113090571 0.0428651124683465 89.7671021064666
0.0346307612696135 0.026096896304353 0.999059388813882 30.3528001584835 0.0161119244205201 0.999514513229601 -0.0266672783549738 -2.56624230724354 -0.999270291895719 0.0170202775146017 0.0341934772723024 89.7963244988776
0.024770883478353 0.02654370698765 0.999340700137374 31.1575190736392 0.0165295359127959 0.999499904538381 -0.0269576569878468 -2.5972130013806 -0.999556490536783 0.0171864029721347 0.0243197405140342 89.8158052860372
0.0145432633634572 0.0255232961370229 0.999568434298044 31.9582851757823 0.0176932268717322 0.999511070218899 -0.0257792597399002 -2.6300790019356 -0.999737687202802 0.0180605056455698 0.0140845632598177 89.8264395653715
0.00375992749263843 0.0245254064390616 0.999692136302096 32.752530591011 0.0167859787939935 0.999556800729926 -0.024585219756656 -2.6632744311046 -0.999852035983914 0.0168732496441646 0.00334657814311801 89.8305055296467
-0.00727154971029775 0.0237356104722661 0.999691825194304 33.5438578232176 0.0182443377786439 0.999555001167286 -0.0235996563637377 -2.69343025414552 -0.999807115749748 0.018067109258999 -0.00770135437400299 89.8226174632089
-0.0182479930860857 0.0240745582688644 0.999543609049895 34.3315235875228 0.0185740019997492 0.999545712678452 -0.0237355159168592 -2.72503731962839 -0.999660951121951 0.0181323994629838 -0.0186868641476121 89.807584915664
-0.0292620487520534 0.0245713625955581 0.999269723669756 35.1100578778265 0.018841699934155 0.999533759611689 -0.0240261053879482 -2.75788896026828 -0.999394177913011 0.0181248872194874 -0.0297113718440793 89.7831409025727
-0.0398237273200595 0.025690031182076 0.998876415298811 35.8873288233123 0.0185644555666186 0.999515904235706 -0.0249663407289536 -2.78805925502371 -0.99903424952894 0.0175493440829885 -0.0402813702647302 89.7511270551959
-0.050021192395763 0.0269197194336856 0.998385300881838 36.6659821817496 0.0198459443076637 0.999466107700857 -0.0259545381741978 -2.81308516365582 -0.9985509595438 0.0185156221313363 -0.0505287337190077 89.7064695670065
-0.0594360451136227 0.0276331420717973 0.997849570827433 37.4326061127494 0.0208230461276783 0.999433590381507 -0.0264367011386459 -2.84357584212665 -0.998014908351181 0.0192069746802917 -0.0599777861579989 89.658025725396
-0.0691241742461215 0.0280370147103527 0.997214006289986 38.1897423972167 0.0215503656868114 0.999413704735319 -0.0266050470021922 -2.87742017696146 -0.997375270534395 0.0196512745987536 -0.0696878549898605 89.6056417340628
-0.0784719490910337 0.0282341857857338 0.99651642432971 38.9409235336416 0.0219634538347526 0.999405205645162 -0.0265864932813844 -2.91229118563759 -0.996674349976713 0.0198006485340524 -0.079045394654768 89.5461643640993
