0.999999999832474 -1.52074023913793e-05 1.01876218484752e-05 4.09989418637299e-05 1.52073850690224e-05 0.999999999882922 1.70040902454786e-06 -1.40791395939618e-05 -1.01876477060868e-05 -1.70025409717461e-06 0.99999999994666 0.000229700807096738
0.999990976945572 -0.0025877660364702 -0.00336890106429555 -0.00209180637427726 0.00258056417044651 0.999994379792502 -0.0021403438910671 -0.00576930865790031 0.0033744208396002 0.00213163091324738 0.9999920346851 0.673029762327923
0.999971590684414 -0.00119715556560585 -0.00744208590613041 -0.0141315467358796 0.00116909190533262 0.999992194487404 -0.00377414737152322 -0.00816159991706498 0.00744654605836637 0.00376533966818783 0.999965184978449 1.36621984384791
0.999934382140676 -0.00125824510285281 -0.0113863177632119 -0.028827875612597 0.00119837696067425 0.999985431213091 -0.00526319809888095 -0.0122116635967644 0.011392774271608 0.00524920763821416 0.999921322161682 2.07323803119767
0.999868963937866 -5.92264690107e-05 -0.0161880031518272 -0.0447493761862194 -3.38480429413869e-05 0.99998347227443 -0.00574926362974533 -0.0183635124065523 0.0161880761095377 0.00574905820110494 0.999852436373324 2.80556415379988
0.999783583158006 -0.000923632842630428 -0.0207830159050527 -0.0634974801007866 0.000794495943957092 0.999980333913472 -0.0062209776157496 -0.0270843602178576 0.0207883530837028 0.00620311926958013 0.999764655150098 3.54432956804737
0.999678643275769 0.000933119970891624 -0.0253325771574508 -0.0909178514415816 -0.00112501380028652 0.999970776429137 -0.00756178759674978 -0.0351935558232785 0.0253247807940649 0.00758785706435732 0.999650478868941 4.30080236349191
0.999544924872178 0.00334694565024985 -0.0299790112759892 -0.120698766717908 -0.00358329816825334 0.99996289601398 -0.00783368173800529 -0.0463034316811391 0.0299516800281554 0.00793754056047835 0.999519830875477 5.07307135077362
0.999390284991372 0.00379048656266892 -0.0347086513204312 -0.155937952101173 -0.00401647072897154 0.999971174343813 -0.00644348076262598 -0.053088588228194 0.034683226893534 0.00657895835776779 0.999376701288948 5.87329088963527
0.999227409468496 0.00298998082830644 -0.0391872961752315 -0.191815957980425 -0.00313975288443089 0.999987998460845 -0.00376096877129824 -0.0635301011742885 0.03917558064284 0.00388110150863548 0.999224805002546 6.66839826094466
0.999103062668765 0.00256096145220267 -0.04226714613426 -0.224944526817651 -0.00259994013536129 0.99999624408452 -0.000867253219097359 -0.0750162367802088 0.0422647663803681 0.00097636739695116 0.99910596846857 7.47260249366071
0.998967162092745 0.00396531736222107 -0.0452646144199133 -0.27284710967268 -0.00404588826583978 0.999990389795848 -0.00168852127292151 -0.0809461386525741 0.0452574838950079 0.00186991287648292 0.998973605045362 8.29420200102021
0.998868585277973 0.00354659545250914 -0.0474233171074871 -0.319167117419971 -0.00364084954519123 0.999991564651153 -0.00190127355434616 -0.0887726959773947 0.0474161740271219 0.00207178358797843 0.998873072093444 9.11348990310415
0.998805520106646 0.000499982131152466 -0.048859830355423 -0.351912747721221 -0.000612182550950725 0.999997210137306 -0.00228143597963207 -0.0992464482448515 0.0488585533659818 0.00230862198581243 0.998803039656723 9.93631278271816
0.998690476557897 0.000513553298351655 -0.051157289759831 -0.403191290937172 -0.000598826750265688 0.999998456853182 -0.00165157433342535 -0.104110816349128 0.0511563626451757 0.00168004591169863 0.998689242961318 10.7818876321056
0.998628252949101 -0.000959679804936256 -0.05235161340875 -0.442452959269571 0.00087356141652085 0.999998227570555 -0.0016678567681538 -0.118293067089702 0.0523531212276669 0.00161983654098426 0.998627321290231 11.6287423397209
0.998520493014915 0.00149086538102917 -0.0543562540069428 -0.499628590588483 -0.00171649719169395 0.999990103177351 -0.00410453221963307 -0.126883998800958 0.0543495967477455 0.00419176189289754 0.998513169900924 12.471836968829
0.998445428726044 0.00202532709546766 -0.0557012020177598 -0.555166493895897 -0.00240476800226795 0.999974354666481 -0.00674589506367343 -0.137523729286814 0.055686110897801 0.00686935655729049 0.998424693701817 13.3398261457285
0.998340650890709 0.0057268004138715 -0.0572987655725247 -0.607831687878164 -0.00620518899694183 0.999947334510334 -0.00817458471056283 -0.151400992098991 0.0572489336898749 0.00851656989037352 0.998323608670392 14.2275535248992
0.998269144816899 0.00691322150959231 -0.0584030981617967 -0.670312466018304 -0.00738842235314613 0.99994130463091 -0.00792455097561578 -0.164240054656799 0.0583448859941356 0.00834234148143749 0.998261628841327 15.0951193247735
0.998193619482287 0.00609732936864469 -0.0597688932424072 -0.727674427410065 -0.00649923555714838 0.999957543964751 -0.00653224350098572 -0.178339990935294 0.0597265264520272 0.00690889589976103 0.998190868118629 15.990546315988
0.998109712987133 0.00641368397111404 -0.0611217268952765 -0.784187604300162 -0.00671595431828072 0.999966207789816 -0.00474122727247464 -0.193657473774027 0.0610892527236736 0.00514275571781954 0.998119058662487 16.9190382323451
0.998049769558197 0.00618317343051647 -0.0621162285651554 -0.84583074395457 -0.00649559425866906 0.999967243766648 -0.00482893869914922 -0.207036023440276 0.0620843357060154 0.00522300297353454 0.998057240592884 17.8119425902346
0.997954621157069 0.0057978696006847 -0.0636628527427406 -0.90568230527133 -0.00615436225372601 0.999966454216422 -0.00540502239453735 -0.221430086165633 0.0636293795074283 0.00578577133397044 0.99795682617715 18.7132578271096
0.997883167070044 0.00459134246267525 -0.0648699040591905 -0.96727855058134 -0.00501320550537286 0.999967323258228 -0.00634193868910095 -0.233739726043487 0.0648386663096878 0.00665372002460664 0.997873576842786 19.6420656332685
0.997853577918655 0.00445993714113311 -0.0653325798942345 -1.02974600585852 -0.00475989444572049 0.999978831096142 -0.0044363007628655 -0.246111063455756 0.0653114112525904 0.00473775477311175 0.997853683282226 20.555680507098
0.997847591989271 0.00600813754305427 -0.0652999651184997 -1.09875073036864 -0.00609238766033184 0.999980845921427 -0.00109114749881222 -0.259003836328993 0.0652921585935844 0.00148663160590293 0.997865083041119 21.5048577323584
0.997896628708388 0.00702433850376811 -0.0644435961210838 -1.16514510289073 -0.00686447595673133 0.999972789410548 0.00270174172120669 -0.271823342935479 0.0644608205212464 -0.00225368743909447 0.99791769375568 22.4295227772744
0.998004451751758 0.0057490632646158 -0.0628813370981655 -1.2245779776838 -0.00540918727472937 0.99996983548213 0.00557394105357823 -0.276009055420101 0.0629114852526992 -0.00522268105682359 0.998005445188491 23.3719930732489
0.99810423643595 0.00582332379602641 -0.0612700751474611 -1.28764182378356 -0.00544401454323149 0.999964982066857 0.0063558906286231 -0.280875014321558 0.0613049420052086 -0.00601028618258461 0.998100987147965 24.3175262443549
0.998184097749936 0.00592794062699089 -0.0599446955040225 -1.34859800970381 -0.00572552426710059 0.999977315066784 0.00354791821968991 -0.287406169792192 0.059964367511164 -0.0031982607382195 0.998195394578254 25.2621847203371
0.998233183647532 0.0070498585047815 -0.0589983945542123 -1.40798194186366 -0.00713931345465664 0.999973662493135 -0.00130557399734079 -0.295456565581355 0.0589876365716419 0.00172447531989696 0.998257223823881 26.2098337449693
0.998306145154384 0.0059208490917948 -0.0578773193317303 -1.46681262649828 -0.006180777023129 0.999971597469668 -0.00431303250050419 -0.300746766315811 0.057850138654849 0.00466345365498976 0.998314386181839 27.1581651388763
0.99835941588497 0.00329258966256704 -0.0571632361499472 -1.52413681933867 -0.00348621250603164 0.999988518284564 -0.00328779886936669 -0.31165257540451 0.0571517544453664 0.00348168814751938 0.998359431673513 28.1211872273587
0.998349835342078 0.00171172227242642 -0.0573992707210505 -1.57887937189804 -0.00161048977381445 0.999997065347674 0.00180986704715769 -0.325795028934452 0.0574022002638819 -0.00171443953000027 0.998349662243627 29.1058772970417
0.998298092778186 -0.00217875199948908 -0.0582766762535572 -1.63518949621251 0.00248149910018777 0.999983797707764 0.00512313226198325 -0.332261097751434 0.0582645700031586 -0.0052590266858734 0.998287324631874 30.070904247337
0.998205974880452 -0.00937541768212607 -0.0591348734356667 -1.68318012414146 0.00966489794389364 0.999942661956751 0.00461113289571075 -0.345751844120665 0.059088251460851 -0.00517439292414705 0.998239352158171 31.0660132650873
0.998082443492478 -0.0116303133377667 -0.0607961495799619 -1.74454348537212 0.0116841619214276 0.999931597241262 0.000530281747669373 -0.34607314978771 0.0607858236127273 -0.00123961695834492 0.998150062364131 32.0358210760049
0.998012618833501 -0.0114672295342037 -0.0619622086106303 -1.80675222861176 0.0112956190655198 0.999931337469658 -0.00311918836685324 -0.362090258566539 0.0619937225775646 0.00241308784571424 0.998073622218334 33.0458986652127
0.997879283516104 -0.010300264207944 -0.0642716118253922 -1.88015219016836 0.0100615903936714 0.999941235442992 -0.0040360945842808 -0.367807199109776 0.0643094077731814 0.00338086053983721 0.997924280621467 34.0085793464872
0.99782814131292 -0.0103505848463401 -0.0650527923869632 -1.95258248440346 0.010199507510219 0.999944461449306 -0.00265406544891812 -0.380444950737445 0.0650766505787722 0.00198479474930526 0.997878294251985 34.998865495093
0.997793733755282 -0.00695979614006424 -0.0660244357520944 -2.01532790619246 0.00699597799654262 0.999975477659366 0.000316815079587451 -0.39998648370333 0.0660206117100227 -0.000778021600927334 0.997817956098117 36.0102126059136
0.99770067895221 -0.00747460834712004 -0.0673608599140149 -2.09988580974405 0.00759056321996871 0.999970117214706 0.00146561509628639 -0.403017044887551 0.0673478920850685 -0.00197355204237633 0.997727601364237 36.991585053032
0.997653762703342 -0.00560073604180165 -0.0682319684580067 -2.16250320298209 0.00589943287302942 0.999973874538992 0.0041769523882111 -0.419736457663244 0.0682067918585897 -0.00456968218444418 0.997660739705183 38.034612940832
0.997643735381852 -0.00611754731037488 -0.0683341266736524 -2.24452315046373 0.00662042345558988 0.999952629503926 0.00713503619134237 -0.420025069885487 0.0682872407307113 -0.00757062501306301 0.997636977256907 39.0287121063096
0.997627661248111 -0.000336750121816707 -0.0688399310863987 -2.32919089627282 0.000983444448347733 0.999955705956825 0.00936050006168048 -0.423497879611938 0.068833729737983 -0.00940599403269866 0.997583803460449 40.033093470527
0.997622186885636 -0.000175909318323462 -0.0689198178279159 -2.38612062125736 0.000802870403377969 0.999958550108033 0.00906936960081867 -0.440161697962498 0.0689153657222884 -0.00910313801678306 0.997580976786151 41.0213120275271
0.997629064187073 -0.000433682516615274 -0.0688190541107621 -2.4714948154718 0.000932709953503192 0.999973505304937 0.00721933101467054 -0.436095940841139 0.0688140998732662 -0.00726640266098227 0.997603036809231 42.0333193878721
0.997631086137311 0.00174171946374896 -0.0687690510753042 -2.5505703544887 -0.00140205498791944 0.999986581134612 0.00498716277256862 -0.441433724356977 0.0687768145111348 -0.00487893062246658 0.997620141046522 43.0281074851134
0.997561687060498 0.00176685120959124 -0.0697678919404602 -2.60853253584462 -0.00140027800150645 0.999984959975001 0.00530273941606443 -0.459523667608709 0.0697762117811727 -0.00519211523363573 0.997549157790667 44.0103237711365
0.997477998569981 -0.000574153002153573 -0.0709740284692592 -2.6933527613974 0.00102321127725691 0.999979688700855 0.00629088423218996 -0.45973395391643 0.0709689749644673 -0.00634764003948239 0.997458325975788 45.0441598762055
0.997421912652899 3.11473376892882e-05 -0.0717602061708021 -2.768772353111 0.000498170775174902 0.999972803272847 0.00735829739298072 -0.469106524520555 0.0717584837194281 -0.00737507589711048 0.99739477052459 46.0206325599492
0.997403336461434 0.00267733662070488 -0.0719681616009459 -2.82950575185124 -0.00239276303100091 0.999988976150414 0.00404008201958826 -0.487917850823873 0.0719781848942991 -0.00385738852942734 0.997398747469163 46.9629966671924
0.99733993114099 0.00292588614612559 -0.0728320049287832 -2.91813792396272 -0.00294981338508812 0.999995624878132 -0.000220965128739196 -0.492073421387423 0.0728310397610767 0.000435218169283038 0.997344198475364 47.9594473218364
0.997297146755935 0.00377107459411456 -0.0733769723338168 -2.99612307338095 -0.00388890394986288 0.999991367986084 -0.00146300355064492 -0.502532346726935 0.0733708218472496 0.00174440526428994 0.997303203419969 48.9269630801992
0.997287593141882 0.0026850849694854 -0.0735543804540471 -3.06378720803508 -0.00252916079876355 0.999994353174632 0.00221290860730543 -0.520994887789937 0.0735599069529459 -0.00202087544320087 0.997288752644648 49.9092636318073
0.997272070684436 0.000739030696424004 -0.0738096935802217 -3.13571447342506 -0.000352787164167137 0.99998617812474 0.00524586510433378 -0.529386329542393 0.0738125502471855 -0.00520551564264396 0.997258547234819 50.8408191091075
0.997254123931615 -0.00117088632881106 -0.0740462107510759 -3.20875609955199 0.00161280560059338 0.999981243218521 0.0059086436037964 -0.539527542154213 0.074037903532464 -0.00601184134413017 0.997237307065961 51.8065023120449
0.997237380486982 -0.00417051243940449 -0.0741634261981888 -3.27294653318301 0.00454011161283593 0.999978098028398 0.00481568791049563 -0.553251131745419 0.0741417179865992 -0.00513909422963559 0.997234473614152 52.7847631878581
0.997174576351011 -0.00715066106579707 -0.0747778866076297 -3.34740057117433 0.00742609301764612 0.999966625812283 0.00340593659538026 -0.558877967881402 0.0747510362581998 -0.00395162092318797 0.997194397933725 53.7240502870391
0.997101707040537 -0.00838892655187954 -0.0756162133947149 -3.41581939819996 0.00877193698231817 0.999950317668756 0.00473448156946028 -0.572197193081002 0.0755727393868062 -0.00538406031360077 0.997125755838306 54.6886411592867
0.996963837528353 -0.0115618035925162 -0.0770028009778017 -3.49158841612628 0.0122751467932293 0.999885960424402 0.00879698342474113 -0.576411212024842 0.0768923106164949 -0.00971549503929557 0.996992067031728 55.6574442998121
0.996904634926539 -0.0124183934050201 -0.0776333199549112 -3.56527621865143 0.0135284192931105 0.999813408497966 0.013788765684778 -0.581379254191075 0.0774475999202897 -0.0147963405245375 0.996886622226253 56.6098073620672
0.996887759916557 -0.0109489990631243 -0.078069927296395 -3.64935127857331 0.0122426045828525 0.999795264318642 0.0161104959279394 -0.584880692548726 0.077877549791815 -0.0170161354464501 0.996817705687901 57.6148148573401
0.996790482358995 -0.00948305544774713 -0.0794909173295686 -3.72126213659847 0.0104774699747047 0.999871873467101 0.0121020358749672 -0.589333835936832 0.0793659681567013 -0.0128960578769167 0.996762125479186 58.4981010337304
0.996693358044679 -0.00816730973574795 -0.0808433366536898 -3.80033940783186 0.00854383360467455 0.999954201062793 0.00431261918182999 -0.592566603856668 0.0808044116181604 -0.00498907091072184 0.996717490683539 59.4261181148434
0.996651262176604 -0.00661544363928735 -0.081501518435162 -3.88207918456394 0.0066087616095149 0.999978100031147 -0.000351750032156684 -0.602788152114723 0.0815020605369597 -0.00018805199263185 0.996673155434959 60.3356644952657
0.996575936865224 -0.0015008430467404 -0.0826689151456 -3.96887891198851 0.00154202694009218 0.999998716753142 0.000434332803838858 -0.61170149005393 0.0826681571956058 -0.000560323315159719 0.996576972352695 61.2461209072647
0.996496144715807 0.00125409041310327 -0.0836293060103292 -4.05198893743658 -0.00102936026791168 0.999995742981487 0.00273028136681343 -0.625875243137527 0.0836323740185125 -0.00263463017117892 0.996493193524115 62.1391403555219
0.996412222822311 0.00354261275628867 -0.0845584537770191 -4.135605619544 -0.00317117837298879 0.999984726886425 0.00452654632232537 -0.643157605023956 0.0845731981068943 -0.00424215614286532 0.996408238762221 63.0217758706086
0.996312335827098 0.00461780180376286 -0.0856761657945369 -4.21377306635013 -0.00428307488537133 0.999982462239578 0.00409029128515001 -0.650718077495946 0.0856935513809418 -0.00370825023053154 0.996314641130978 63.8708812410066
0.996161124243483 0.00629511834963325 -0.0873120039337305 -4.2950498854378 -0.00588666416969599 0.999970497068435 0.00493479256513475 -0.660372982089562 0.087340493076882 -0.00440187206445197 0.996168791817639 64.7245296108653
0.996052277036267 0.00682822783620538 -0.0885055744881917 -4.37819424304429 -0.00634384939895726 0.99996332866076 0.00575299126505757 -0.67576858794358 0.0885416116053425 -0.00516881401380906 0.99605906771437 65.6121151218619
0.995905968751079 0.0069722878503715 -0.0901259596792545 -4.45419346630781 -0.00645155383178521 0.999960778379694 0.0060678789895523 -0.683674457090454 0.0901647317920406 -0.00546158442284238 0.99591188979571 66.3926988521092
0.99579061119871 0.00686720730558237 -0.0913996723862961 -4.53263809830248 -0.00624532839642805 0.999955375471329 0.00708822539252844 -0.690203223412448 0.0914442700321943 -0.00648756732656176 0.995789062476819 67.2050904772833
0.995654821278943 0.00909570463085556 -0.0926754823093207 -4.63421392807818 -0.00821743592851428 0.999917682615415 0.00985402150285325 -0.696962974983376 0.0927574827750179 -0.00904964918028121 0.995647604948134 68.089632761532
0.995526063118504 0.0109776672753183 -0.0938474745156438 -4.70200360174228 -0.00971048626938177 0.999855561280268 0.013948585352388 -0.70124152610771 0.0939870422355345 -0.0129748756492349 0.995488869095834 68.8255727518993
0.995329780525763 0.0141217468150803 -0.0954945247929285 -4.78512381929933 -0.0126794853714397 0.999796458256916 0.0156930783354658 -0.705745523606753 0.0956967013498998 -0.0144089667852483 0.995306245849452 69.5948207521602
0.995163785810317 0.0169056402149707 -0.0967638297123461 -4.86943652823671 -0.0158580318836532 0.999807132910346 0.0115853272016954 -0.712601363592086 0.0969410245275703 -0.00999481418112764 0.995239941648761 70.3427456051237
0.995058279641811 0.0168762410885638 -0.0978479054604695 -4.94686090344205 -0.0165105770304144 0.999853358314732 0.00454562568568744 -0.727562223406251 0.0979102699536828 -0.00290763709432598 0.995190999097221 71.1247626389433
0.99492697923555 0.0159004495243285 -0.0993351986666749 -5.02732627531529 -0.0161172541610203 0.999869155751888 -0.00138039643419717 -0.731103039630008 0.0993002523034688 0.00297440429846956 0.995053070349284 71.778148896083
0.994871740627768 0.0167547259838773 -0.0997471746842006 -5.10421559080321 -0.0171004083988172 0.999850366739842 -0.00261154414043694 -0.737488345501122 0.0996884934827932 0.00430386888845073 0.995009387382713 72.4708646211499
0.994753568957085 0.0195557993259087 -0.100413683130671 -5.18232652251314 -0.0195540377844967 0.999808299555485 0.00100187139539919 -0.749479928053955 0.100414026178939 0.000966877807808276 0.994945269094657 73.1469292162937
0.994633793872524 0.019846073336704 -0.101536936431347 -5.2513782778703 -0.019598279546495 0.9998020259204 0.00343749971354374 -0.769834685550595 0.101585055621221 -0.00142910411704149 0.994825831055796 73.8732657726156
0.994581671067193 0.0164411141493685 -0.102649838493386 -5.32296180339405 -0.0165179188442419 0.999863564687705 0.000101818710288457 -0.778263776421523 0.102637507443653 0.00159429467858369 0.994717547995526 74.4397006118371
0.994686682057479 0.00835025631284351 -0.102609345368698 -5.37959021766073 -0.00891602043758976 0.999947467554089 -0.00505635359920825 -0.792277565365537 0.102561733200251 0.00594435460530086 0.9947088797891 75.0547764558064
0.994820291083295 0.00435193445450371 -0.10155613775372 -5.43715068250021 -0.00537766154877148 0.999937238605118 -0.00982850990936602 -0.804253961358328 0.101506990917944 0.0103237356259905 0.994781258004748 75.6508321138669
0.995134207785872 0.00688449350634958 -0.0982879048690417 -5.48656126894925 -0.00792640698771463 0.999916418815349 -0.0102140812485404 -0.818497814183813 0.0982093710734871 0.0109434515874886 0.995105602587335 76.2334524124896
0.995476781697633 0.0118676243427752 -0.0942610025057175 -5.55946335884219 -0.0125885782670645 0.999895854124382 -0.00705752095899078 -0.829091586389482 0.0941674296035423 0.00821221025859492 0.995522503414428 76.8500230277968
0.995925381932374 0.0103240063422194 -0.0895882163897707 -5.60850245391767 -0.010726911475482 0.999934396456297 -0.00401698316874969 -0.840212578655806 0.0895408677255908 0.00496162036301236 0.995970790400161 77.4080223843773
0.996448145055047 0.00660995514051254 -0.0839488100534871 -5.64472423197258 -0.0066163548648998 0.999978091286647 0.000201977761613856 -0.851760506277685 0.083948305907015 0.000354174751897441 0.996470047967116 77.9540348509193
0.997121567883442 0.00219859427249823 -0.0757874992653178 -5.67483806800686 -0.0019234380859426 0.99999129246649 0.00370342775396947 -0.865626642133851 0.0757949816781768 -0.00354699512605583 0.997117114273936 78.4857852367506
0.997869100652318 0.00582490682665692 -0.0649871404494415 -5.70472198651832 -0.00559866207287665 0.999977618643983 0.00366294882617575 -0.876710401176766 0.0650070222847378 -0.00329130241245246 0.997879378673646 79.0339623166578
0.998696038384548 0.0110626598764203 -0.0498381427369532 -5.73345802644281 -0.0109229065467128 0.999935613208548 0.00307563811533431 -0.883077036614496 0.0498689585572234 -0.00252725022571142 0.998752571950989 79.5326244013551
0.999365094114868 0.0161700947234615 -0.0317480188581306 -5.74743927713448 -0.0160642787467033 0.999864533268614 0.00358525590227287 -0.888221814127171 0.0318016919853355 -0.00307297057760821 0.999489474301105 80.0269360639892
0.999846299981181 0.0145498768648572 -0.00978148747169762 -5.73781592703959 -0.0145101078736155 0.999886216199311 0.00412449077120105 -0.894269722473653 0.00984038532972791 -0.00398192639851315 0.999943653951921 80.5017255637306
0.999805745151799 0.0108295058822569 0.0164679617379149 -5.69127599314863 -0.0109101857842754 0.999928878307768 0.00481727851825726 -0.901811291211516 -0.0164146217625585 -0.00499601126059894 0.999852789196428 80.8850682305935
0.998903895049526 0.00984362899629241 0.0457614622042359 -5.66362550107829 -0.0101590998537716 0.999926173477396 0.00666635470200284 -0.909464713175089 -0.0456924626721679 -0.00712394294159979 0.998930151858436 81.4237646183289
0.99684430772732 0.00938771595996478 0.0788244691748336 -5.60743596859601 -0.0100587999233793 0.999916432234261 0.00812090462990917 -0.916657943493373 -0.0787416452440556 -0.00888815711841762 0.996855432832313 81.8713446444772
0.993172973224972 0.00932790620188745 0.116277407183673 -5.53361131188957 -0.0104025342990146 0.999908577611425 0.00863850098427385 -0.922281531326702 -0.116186197698465 -0.00978910542318674 0.993179208843695 82.3093966071457
0.987518741591509 0.00924382845881688 0.157230043696957 -5.44241028891123 -0.010734823771061 0.999905084284305 0.00863631756026841 -0.925376120201101 -0.157135287456788 -0.010216362259704 0.987524241412863 82.7145151641269
0.979197155061489 0.00917909759471742 0.202703418044279 -5.32445958691805 -0.0111623834492783 0.999900343814672 0.00864312646168441 -0.933318216710218 -0.202603881293568 -0.0107259781208076 0.979202032615401 83.1482199080463
0.967744572649559 0.011428771763584 0.251674045708527 -5.19283255235137 -0.0135199160287653 0.999886942703041 0.00658131313187873 -0.941877283295395 -0.251570375795516 -0.00977164202888184 0.967789678098585 83.5484842633769
0.952445143104368 0.0120697303595909 0.304470969036372 -5.02295216989069 -0.0138568905318184 0.999897107748451 0.00370951493758264 -0.955487736124167 -0.304394868487775 -0.00775213037362737 0.952514392811458 83.8223553811397
0.93264151653393 0.0120847499026743 0.360601941837647 -4.86737880460386 -0.0136840441538079 0.999904597653069 0.00188216042125134 -0.962346654496684 -0.36054479412812 -0.00668987384369123 0.932717908595663 84.2899061555201
0.908305954401973 0.0127118031255207 0.418113266064614 -4.67130930736847 -0.0139810696356477 0.999902259692937 -2.74372327872433e-05 -0.967680965868497 -0.418072748322303 -0.00582074928652451 0.908394900903775 84.6429683413147
0.879453659844803 0.0132586771299309 0.475799818901128 -4.44111412527473 -0.0138900554135483 0.999901131602322 -0.00218937913696857 -0.973353490215977 -0.475781805606509 -0.00468342835549804 0.879550873430667 84.8652082857454
0.845926553781242 0.0109320607802351 0.533187355115337 -4.21729208324495 -0.0103949239779751 0.999937931111869 -0.00400992259354788 -0.982251920376628 -0.533198097486557 -0.00215034202195205 0.845987686001342 85.2649752810759
0.808864269974927 0.0105266610434712 0.587901167004459 -3.95760173633814 -0.00930849144823529 0.999943682710564 -0.00509739092010858 -0.99277512124577 -0.587921716510699 -0.0013493756000981 0.808916704266022 85.5607480535165
0.769347536323296 0.0101059491060488 0.638750528881143 -3.65755599262402 -0.00910427736748392 0.999946769715357 -0.004854880991262 -1.00234689093474 -0.638765591188889 -0.00208027125379076 0.769398591098671 85.7334687428336
0.726177753867623 0.0089901016686368 0.68744821467494 -3.38210413012941 -0.0100142603966845 0.999946734986902 -0.00249835500708366 -1.00378942067099 -0.687434058202299 -0.00507003560358274 0.726229103219154 86.0972448995241
0.680562834487708 0.00797682621136793 0.732646298398928 -3.07190706374939 -0.00871054717430944 0.999958153734397 -0.00279591631128029 -1.00345638025788 -0.732637942425849 -0.00447895341449172 0.680603837995592 86.3403300811355
0.633790391091146 0.00714697634271077 0.773471822944889 -2.74033718306296 -0.00624641750524402 0.999971997399892 -0.00412149055809912 -1.01954055396193 -0.773479619918251 -0.00221926682195984 0.633817286310409 86.4412853368692
0.587923631402877 0.00390883263110295 0.808906993829029 -2.40978530781617 0.000234305149800815 0.999987460093024 -0.00500247516723529 -1.01797736086593 -0.808916404048744 0.00313060444068772 0.587915343035615 86.7246908538112
0.541209481969843 0.00590665899994467 0.840867057272071 -2.07108813807327 -0.00137054424710386 0.999980197174653 -0.00614222003912464 -1.02502956850435 -0.84088668572787 0.00217178221759605 0.541206859830507 86.9010854511865
0.492502800581787 0.00971885234700177 0.870256591660272 -1.7384422548852 -0.00663671153316772 0.999950511783669 -0.00741134560014183 -1.04930814007649 -0.870285553987381 -0.0021255334945376 0.492542928716108 86.9637240466091
0.448191663680617 0.011104060811893 0.893868520779587 -1.39523385562331 -0.00709788432584136 0.99993553378067 -0.00886274905794038 -1.04614381294666 -0.893909308959974 -0.00237236511794231 0.448241585797714 87.180698140127
0.406010224995774 0.0085027482007149 0.913828977693264 -1.03586996686638 0.000325868883730464 0.999955305095367 -0.00944889523179008 -1.05127498301342 -0.913868475771187 0.00413413650790204 0.405989307626423 87.2935676563792
0.364525436315268 0.00151040453994085 0.931192206237407 -0.666024441703541 0.0149427655523282 0.999860437013805 -0.0074712952164876 -1.06505945794056 -0.931073530950597 0.0166380639705911 0.364451992435902 87.3061338220059
0.331028081906225 -0.00236353455592729 0.943617943181396 -0.27122717447319 0.0189788960603145 0.999811256534039 -0.00415365046165383 -1.06899505960745 -0.943430024163858 0.0192838018095176 0.331010459795388 87.3988047551725
0.298003846925019 0.00182938992704663 0.954562915972742 0.100193752870814 0.0162730436793038 0.999843106701287 -0.00699642989884227 -1.07490432095807 -0.954425950646409 0.0176186070508643 0.297927322376257 87.4970563008823
0.265017245099456 0.00980423934126485 0.964193827345329 0.447591119375573 0.00562906148544356 0.999915536554924 -0.011714666997921 -1.09305542299417 -0.964227241612001 0.00853209511305854 0.26493967216386 87.6000940791082
0.237951046802329 0.0135277641198155 0.971182937928583 0.852840605334726 0.000473389039745111 0.999901269308918 -0.0140437721866878 -1.10972555662784 -0.971277033203449 0.00380147765127865 0.237921149835768 87.6838578811677
0.212434994393623 0.0151700329593086 0.977057441124622 1.25217875854929 0.00164518074369803 0.99987252014279 -0.0158819659874611 -1.12523442343256 -0.97717381592903 0.00498132144313111 0.212382955764765 87.7512329483592
0.187672749339191 0.0170533196406744 0.982083562353378 1.63883116604875 0.00948911119146235 0.999771135076837 -0.0191737903391326 -1.13227677633246 -0.982185774649717 0.0129174980706769 0.18746797678358 87.8013715833135
0.16788660060458 0.0230019441634557 0.985537924131862 2.06228194009301 0.0159886702264097 0.999532712201419 -0.0260522487257109 -1.13494876652392 -0.985676646655398 0.0201312643412293 0.167440378744777 87.8478963559739
0.147975701222509 0.0301192043484345 0.988532258136842 2.47476249862234 0.0187067569689581 0.999272092489375 -0.0332466902955698 -1.13303290456107 -0.988814061940571 0.0234119350187558 0.147304555962355 87.8942149338857
0.13027211015708 0.0306012414873303 0.99100592396547 2.926937893386 0.0153651234552648 0.999341243570075 -0.0328784409761142 -1.14961443994011 -0.991359213553002 0.0195100722512616 0.129716100713537 87.9497546294004
0.11478772709232 0.0261455984902692 0.9930459130315 3.38719471078786 0.0132986402770277 0.999523554837999 -0.0278533569034506 -1.17272266518196 -0.993301023796795 0.0164033839068168 0.11438533612594 87.9982969945648
0.100392682974286 0.0232390866359982 0.994676456973598 3.84627310548827 0.0145449687018101 0.999586075005145 -0.0248218158335168 -1.19007174405274 -0.99484157185488 0.0169594666229287 0.100013116145723 88.0378869388042
0.0869773966697533 0.0205522748377058 0.995998261277372 4.35063956287484 0.0161131158627546 0.999627359824306 -0.0220342684898203 -1.20909201365885 -0.996079966652149 0.0179651186938314 0.0866138242116739 88.0727129408488
0.0753946953266527 0.0197431548019493 0.996958297901706 4.85152059595511 0.0199513295462314 0.999573956213588 -0.0213037674802678 -1.22359350051456 -0.996954153592801 0.0214968346037715 0.0749686716974444 88.10027206889
0.065609891832186 0.0204728697484665 0.997635305960065 5.352348631743 0.0239299083622903 0.999469681548142 -0.0220842738578483 -1.23597147737998 -0.99755837001127 0.0253222682696156 0.065085183798929 88.1314859630995
0.0574747262231211 0.0209422093276815 0.998127286328779 5.89706566313309 0.0254461595672904 0.999424423398039 -0.0224346802690082 -1.25218181232131 -0.998022619387383 0.0266879333027532 0.0569087463152592 88.149941545887
0.0518902036003485 0.0212847863798647 0.998425943492595 6.44629066935593 0.0271273793178509 0.999373874216183 -0.0227148591340912 -1.2678215234412 -0.998284284190461 0.028263357955128 0.0512803133321208 88.1741956890764
0.0462688328374795 0.0223264919691377 0.998679489558191 7.01576792325028 0.0282939576357028 0.999319793987709 -0.0236516660231738 -1.28468402278482 -0.998528240496565 0.0293509301507589 0.0456056556812732 88.1982420455012
0.0404469721891403 0.0231650893027935 0.99891311988497 7.55924391396425 0.0298180556470678 0.999257963331332 -0.0243804486494216 -1.2991939481328 -0.998736664991408 0.030771762323798 0.0397262211307393 88.2142007175061
0.0360692300102091 0.0232095910099334 0.999079739325957 8.2025155366172 0.0319035350229861 0.999193954143484 -0.0243640402262323 -1.31597656814647 -0.998839914650745 0.0327529676252395 0.0352996885571571 88.235336887969
0.0331748068775036 0.0231617822346904 0.999181146755859 8.822852332989 0.0334726627045209 0.999144852511842 -0.0242723000673424 -1.33469631971868 -0.998888889236491 0.0342504823732822 0.0323711510003548 88.2518595931231
0.0301813103611869 0.022658224746174 0.99928759291619 9.44050350749507 0.034419420341496 0.999126564234958 -0.0236941373213596 -1.35537592686006 -0.998951646481569 0.0351100198148606 0.029375065963551 88.2730606175412
0.0277597806303825 0.0221362602414083 0.999369491510461 10.1157861856175 0.0363759234159382 0.999070232760827 -0.0231400563280553 -1.37254589164784 -0.998952544806304 0.0369953509748511 0.026928743588529 88.2859955021891
0.0270965776090674 0.021799890298356 0.999395087172664 10.7876596076341 0.0408111206476884 0.998904519625339 -0.0228957005472594 -1.39186514111659 -0.998799393228368 0.0414068286041034 0.0261772158870036 88.299071758483
0.0279958536212376 0.0214728740776356 0.999377380101663 11.446297523016 0.0446648841891389 0.998743852325458 -0.0227104725286629 -1.41304044827524 -0.99860967364651 0.0452728740080674 0.0270016032609289 88.3134118583174
0.0305570800233418 0.0213025509094358 0.999305992269234 12.1729648654566 0.0459189420989897 0.998687366705521 -0.0226934867153793 -1.43368499761842 -0.998477699108476 0.0465805206877548 0.0295387791809499 88.3353449102282
0.0343822587397781 0.0211860748861823 0.999184172470155 12.8975265897508 0.048305355415742 0.99857155088425 -0.0228352885417102 -1.45573177187227 -0.998240678855611 0.0490510753759935 0.0333097445554422 88.3614393999335
0.0387021648035888 0.0207293132780965 0.999035754120209 13.6468711072309 0.0489494137189768 0.998545190802046 -0.0226154111763097 -1.47222285176834 -0.998051149659217 0.0497774798189266 0.037631172806492 88.4007898574416
0.0428663248474803 0.0191047974618895 0.998898135401208 14.3986727989393 0.0503679328083457 0.998504450373467 -0.0212587377093359 -1.4956662475682 -0.997810377546097 0.0512237181227657 0.0418399469764863 88.4239358891422
0.0468178953705808 0.0175182929162619 0.998749815562621 15.1731193360715 0.0501372883441214 0.998544759042117 -0.0198649567585464 -1.51777864734938 -0.997644394055601 0.0510046429535639 0.0458714443484363 88.4655256265756
0.0508609831672452 0.0154808722047948 0.998585751444031 15.9385286059668 0.0472838024974296 0.998721254474419 -0.0178912795078443 -1.53776505949585 -0.997585786994104 0.0481268995139159 0.0500639504087739 88.5103212219549
0.0549475374468618 0.0143729152534371 0.998385790882284 16.7453501156582 0.0465131487550167 0.998774056992041 -0.0169384200134913 -1.55810957749542 -0.997405281278087 0.0473687912741846 0.0542116453522978 88.5612907941178
0.0590086811259408 0.015248387530609 0.998141003180159 17.5516830435224 0.0436790174772944 0.998886282790576 -0.0178420146016162 -1.58186266173953 -0.997301418320457 0.0446506520729814 0.0582769275568153 88.6170211097449
0.0621547223254328 0.0192609142556164 0.997880658032155 18.3742290315587 0.0417595756676114 0.998888052300326 -0.0218814261811867 -1.60498312002218 -0.997192523203373 0.0430311068147157 0.0612812819186345 88.6813461883216
0.063423562061859 0.0245720835875091 0.997684150662701 19.1441726837815 0.036224377965013 0.99898138926967 -0.026906845483799 -1.63303322783875 -0.997329056137659 0.0378470157477392 0.0624688496977251 88.7327010892762
0.0633305834581001 0.027693816012027 0.997608284725798 19.9528231249261 0.0334401217237187 0.998994708441475 -0.0298551631218922 -1.66087190468533 -0.997432200932956 0.0352508873735671 0.0623408331787166 88.7908873861439
0.0633511767722026 0.0272436499416629 0.997619372275536 20.8046342315221 0.0312831548947573 0.999081890003568 -0.0292701432645968 -1.69031152897583 -0.997500873494058 0.0330629793690092 0.0624407461024986 88.8611529691075
0.0632553973995583 0.025438533749905 0.9976731106432 21.5849016310157 0.0283716233626771 0.999225209261826 -0.0272769529717956 -1.7278698296893 -0.997594008446117 0.0300310202343194 0.0624846552050626 88.9115559638392
0.0631182544411231 0.0242176240468287 0.997712179259045 22.3984061670488 0.0293815080398892 0.99922711629813 -0.026113158365551 -1.76001407387405 -0.997573462428511 0.0309625053903732 0.0623579210553361 88.9649965129788
0.0637097465264301 0.0234077062651307 0.997693914727831 23.2796007218056 0.0268444520266278 0.999322942359352 -0.025160132544117 -1.78705653517163 -0.997607359432021 0.0283854920981268 0.063038244307873 89.0473404992888
0.0638677468184566 0.0240287474985875 0.997669048437398 24.0385164488807 0.0253536080987964 0.999348338986174 -0.0256922541235159 -1.82399276920345 -0.997636259100834 0.0269354164479371 0.06321691125063 89.0809859469906
0.0639142696726601 0.0245540306310217 0.997653279306985 24.8524475855822 0.0223831610629623 0.999410510371831 -0.0260312477446871 -1.85792722193485 -0.997704345100812 0.0239944022239905 0.063326996051237 89.1421332236775
0.0628175715275857 0.0257127606916863 0.997693743913927 25.7245205453193 0.0196781938124113 0.999441814788849 -0.0269968061046586 -1.88936151397072 -0.997831008435626 0.0213286846566642 0.0622765269998155 89.2130342909407
0.0599391689084127 0.0255035627198283 0.99787617684719 26.5013694248857 0.0164715831708512 0.999512177487752 -0.0265347696718412 -1.92225929508417 -0.998066121546271 0.0180270724824558 0.0594898451779611 89.2621456173745
0.0561043211471405 0.0239581837113716 0.998137420690093 27.3610438557491 0.0142329531269181 0.999591279072854 -0.0247931007899771 -1.95246864619512 -0.99832345870159 0.0155974432118594 0.0557403944312143 89.3260968276277
0.0509082376713001 0.0217135641363921 0.998467261591334 28.1462291482538 0.0120301527390975 0.999677751617114 -0.0223532625544026 -1.98511574381902 -0.998630876131054 0.0131496788647806 0.050630615080964 89.3709894676718
0.0449024200076044 0.019498601877993 0.998801069884421 28.9792441135304 0.00987925422142784 0.999751942658287 -0.0199612997324519 -2.01218473065563 -0.998942527382576 0.0107637203505066 0.0446986499877458 89.4204950092236
0.0374286040514241 0.0199590287794641 0.999099963351487 29.7662073040591 0.00961937755455499 0.999747000188273 -0.0203323188547698 -2.04410696179693 -0.999253004586038 0.0103717300740825 0.037227141188194 89.4444529343604
0.0288787395728018 0.0205663428396829 0.99937132435491 30.5948865739116 0.00919559528233184 0.999740541029129 -0.020839665308942 -2.07337150499174 -0.999540624200983 0.00979163750277703 0.0286821269595608 89.4737108699325
0.0189225313777852 0.0212297593460968 0.999595535766524 31.3860288532615 0.00949878544505787 0.999725604833422 -0.0214123355922818 -2.09809165394419 -0.999775830314639 0.0099001191182005 0.0187156821975569 89.4864426851759
0.008729233327612 0.0200830558257166 0.999760206926748 32.1814271189244 0.0103644959141555 0.999742776501101 -0.0201732014889687 -2.12319541662296 -0.999908184639949 0.0105381071625896 0.00851883721362334 89.5037414100698
-0.00199645009323635 0.0192009941513016 0.999813650642272 32.9887401345587 0.00995459893796413 0.999766485472305 -0.019180210800207 -2.15331488481769 -0.999948458745254 0.00991445157120524 -0.00218712208912208 89.4947601994168
-0.0130329641155817 0.0184540206979326 0.999744762910235 33.7810383465044 0.0115230122826104 0.999766060925729 -0.0183041964856728 -2.17868926446134 -0.999848669566699 0.0112815132465277 -0.0132425611031872 89.4822413467331
-0.0239971434945625 0.0186324699692273 0.999538377535824 34.5682165897646 0.0117044173494078 0.99976301018876 -0.0183556550637544 -2.20568086116587 -0.999643508316146 0.0112585310389276 -0.0242095386208256 89.4652364427616
-0.0349647742503685 0.0193043792754667 0.999202084416566 35.3516578659259 0.0122079828288408 0.999747077643225 -0.0188877182073947 -2.23147075282896 -0.999313979546404 0.0115378370858732 -0.0351915984079771 89.4345448237199
-0.0456038504089724 0.0202836226793518 0.998753655051574 36.1224329822671 0.0114801075306291 0.999738456387671 -0.0197794325166993 -2.25960706219783 -0.998893635958785 0.010563781074935 -0.04582478118267 89.4020085536338
-0.0557903957622885 0.0214858532132068 0.998211295193752 36.9037281151294 0.0126546716081082 0.999703343141159 -0.0208106943392108 -2.28294547531795 -0.998362304490298 0.0114709992629087 -0.0560457415753612 89.3527439128921
-0.0653576902723443 0.0219537510533915 0.997620371251986 37.6512380789042 0.012505228161919 0.999697463488768 -0.0211801974198165 -2.30934257974364 -0.997783539446749 0.011091181578613 -0.0656124538506797 89.313511388506
-0.0748305032094472 0.0225276218533669 0.996941774650382 38.4219097838326 0.0143811880423527 0.99966520086591 -0.0215097096263606 -2.34040656926002 -0.997092562012129 0.0127276247332943 -0.0751294239877895 89.2417661478692
