0.999999332114152 -0.00111093566803198 -0.000318736870063318 0.000944946627239451 0.00111084069862002 0.999999338620806 -0.000297978006089741 -0.000132728013163423 0.000319067693652638 0.00029762374118703 0.999999904807953 -0.00441305316816517
0.998959508069734 -0.00367454588943111 0.0454576610658981 0.0525842554376391 0.00381840816402708 0.999987971765108 -0.00307832490134198 -0.0203766839977597 -0.0454458028443606 0.003248697833255 0.998961523266147 1.02462169381261
0.99587752767105 -0.00638292542869605 0.0904831925982358 0.145295305325113 0.00688723563422465 0.999962435931022 -0.00526238655137729 -0.040355093979887 -0.0904462042604133 0.00586387157679598 0.995884079170369 2.06277154564108
0.990608721516967 -0.00669345097146942 0.136563386632776 0.29024206274366 0.00776946935362452 0.999942821203197 -0.00734776633770148 -0.0604924618368929 -0.13650639618891 0.0083397864650664 0.990604084264361 3.04118415058459
0.983244763952293 -0.00607018426585561 0.182189151771938 0.469586450903979 0.00719539027566553 0.999958901033507 -0.00551566882996105 -0.0844449844237684 -0.182148182859946 0.00673417454774563 0.983248030953523 4.08803734162715
0.973738771577296 -0.00671985724103727 0.227568996670895 0.699373554694758 0.00811539025906719 0.999953563621715 -0.00519721475171095 -0.110907655552057 -0.227523504649697 0.0069075407268031 0.973748088939345 5.04063640064094
0.961831809603259 -0.00709578630747162 0.273549300587661 0.985726996230751 0.0086329843578442 0.999952983631531 -0.00441611905136924 -0.139131119531546 -0.273505103455853 0.0066091106116744 0.961847845576693 6.11044679745035
0.947736292728548 -0.007453138805389 0.318967663199729 1.30208391483346 0.00959793952355246 0.999940661657456 -0.00515293323752908 -0.160663300557201 -0.318910330660596 0.00794505418457337 0.947751590403284 7.04043795169956
0.932072837916598 -0.0104133084181889 0.362121233602626 1.69550099432487 0.0131293839688802 0.999901101545481 -0.00504047663742904 -0.190690571592076 -0.362032932334474 0.00945252008315425 0.932117377678037 8.06431675236558
0.914349864245619 -0.00908891432162976 0.40482306924195 2.10326512215374 0.0127538972710375 0.999898457032447 -0.00635717929044176 -0.209098841780982 -0.404724182448267 0.0109757578592584 0.914372937526585 8.98010739264422
0.894523821097951 -0.0129781701030554 0.446831848226038 2.57968232064642 0.0173017698519217 0.99983464871647 -0.00559678354095815 -0.232633513087487 -0.446685327997588 0.0127374379994317 0.894600455748206 9.91693125216041
0.872496017046186 -0.0108150750548635 0.488501519332436 3.09973680563027 0.0157876602715809 0.999856992654081 -0.00606168490488056 -0.261691455659636 -0.488366102449474 0.0130010919654689 0.872541988437242 10.7939213637135
0.848909343511459 -0.0114305119556689 0.528414865323995 3.6587729068854 0.0179339411555449 0.999813367535665 -0.00718358208856473 -0.282309757253215 -0.52823413393454 0.0155747710552999 0.848955903597473 11.7651334854706
0.823070937339732 -0.0137798790669627 0.567771386245903 4.25704036921642 0.0222535084734909 0.999720379492232 -0.00799651102217827 -0.306689795759145 -0.567502434767742 0.0192166011773007 0.823147440481885 12.6322923731886
0.795218483684129 -0.0103010146899032 0.606235475952598 4.91929346480703 0.0202011503714362 0.999750696502618 -0.00951096031962497 -0.339266984990069 -0.605986366786238 0.0198099454539697 0.795228325281693 13.4814941240863
0.766737819040721 -0.0121473488234052 0.641845432147991 5.59020744512886 0.024694779393894 0.999639038513379 -0.0105811412774606 -0.362204131804227 -0.641485217852575 0.023963192537915 0.766761032317126 14.3183867484821
0.73591697586047 -0.0121732527556759 0.676962345007259 6.28579075625757 0.0291347487958765 0.999481615384629 -0.013699157665096 -0.388930572485482 -0.676444654833625 0.0298045705467872 0.735890152483059 15.0898507773681
0.704523808591336 -0.0107468435506377 0.709598977227037 7.12165011919305 0.0302281199313602 0.999432328006335 -0.0148755672581622 -0.417799870156589 -0.709036292366882 0.0319300342864664 0.704448727032061 15.9450198383095
0.672619015133056 -0.0140066343028582 0.739856387873312 7.91633069829023 0.0358682538282937 0.999262740890197 -0.0136909837455417 -0.418277328321621 -0.739119157408836 0.0357461727198534 0.672625514151177 16.7417357187026
0.641575190018941 -0.0135605933361496 0.766940275289107 8.69975257991233 0.0379219121383848 0.999181841338559 -0.0140561914847212 -0.459045522196857 -0.766122186163492 0.0381019454576548 0.6415645233493 17.2481085517141
0.612262419263324 -0.0134153492624445 0.790540801200032 9.6837490419938 0.0412146481497645 0.999038213828954 -0.0149666324650884 -0.461978608816534 -0.789579687387988 0.0417453675707922 0.612226462635084 18.1570022048633
0.583472592434563 -0.0140016048711115 0.812012123640234 10.6232190939499 0.0420307299352234 0.999032067198011 -0.0129748391582063 -0.474427408381208 -0.811044481898991 0.04169992531291 0.583496327846282 18.8588851583068
0.553704330299382 -0.014248997697485 0.832591424813113 11.5394913297483 0.0423929459260152 0.999039404909754 -0.0110952950965113 -0.543014315099792 -0.831633544743974 0.041439516191454 0.553776501627138 19.3532276117308
0.526352004287804 -0.0164023714205211 0.850108540007683 12.607059748343 0.0451997738271893 0.998939980350918 -0.00871183691756091 -0.527054964154315 -0.849064513466546 0.0430102065594961 0.526535444299363 20.091573801088
0.497590762508597 -0.0127956473984883 0.867317533821245 13.6273338371791 0.0427265432260123 0.999038995967699 -0.00977379352184602 -0.540155707156242 -0.866358976158307 0.0419208294706288 0.497659289561066 20.6971501593866
0.468538890808321 -0.00903164266951349 0.883396704335486 14.3784867950211 0.0402679780410692 0.999126784680573 -0.0111426243921591 -0.609854389690522 -0.882524672598218 0.0407933519651302 0.46849344145981 20.8807169911831
0.442140845482508 -0.0117461915628594 0.896868719345135 15.7261118757677 0.0446397380620262 0.998963296788723 -0.00892330963037667 -0.600001205582168 -0.895834117759403 0.0439813443720687 0.442206823562752 21.7142631029945
0.414146700463596 -0.0123554577031206 0.91012628418262 16.8266402255637 0.0463793600423419 0.998895410988392 -0.00754406179688244 -0.620133254237322 -0.909027758353495 0.0453354229193768 0.414262276790371 22.2054358504672
0.384613789399076 -0.0102244658716046 0.923020960380491 17.7865170936753 0.0430640891304198 0.999048637873065 -0.00687774609457104 -0.688768371391992 -0.9220725119162 0.0423943328950288 0.38468818971595 22.4707444535982
0.358474604233034 -0.012032575290963 0.93346193026381 19.171854626582 0.0446098946120068 0.99899542544561 -0.00425408526600792 -0.694395942659972 -0.932473010559917 0.0431666198654948 0.358651261682867 23.1137171963743
0.333025960652307 -0.0126292327241117 0.942833077491667 20.3935595937511 0.047478872522642 0.998866487787003 -0.00339061056965451 -0.717912420134348 -0.941721543873552 0.0458938128385142 0.33324809338923 23.520044863291
0.30778585586414 -0.0116359481249065 0.951384502523146 21.1650100549605 0.0509316708580311 0.998693043792465 -0.00426253259812481 -0.733750898438704 -0.950091486033628 0.0497675495858032 0.307976231509246 23.5804828254328
0.286931667012149 -0.012366326301451 0.957871229570779 22.8626155486981 0.0552560186375079 0.998465505169435 -0.00366161044842926 -0.757587329271683 -0.956356100451061 0.0539787825034124 0.287174685808984 24.2189522510242
0.2674230488433 -0.0141542600632387 0.96347525649049 24.1265643600987 0.0611582787070459 0.99812540309909 -0.00231184642018775 -0.777490902287404 -0.961636406285112 0.059542729281932 0.267787388606546 24.5483594746629
0.249335711225684 -0.0155880774497877 0.968291647670784 24.6283517552701 0.0657705952416831 0.997834389013823 -0.000872297521458888 -0.756320919407275 -0.966181107199441 0.0639026129577709 0.249820984202753 24.4706259486165
0.234992501602831 -0.0170251909778647 0.971848067890558 26.6451223980424 0.0691923900878698 0.997603055885523 0.00074568209977304 -0.796921656434236 -0.969531297764219 0.0670692609176 0.235607251364629 25.1059419130055
0.221068630689797 -0.0184283765522372 0.975084127377011 27.9511876130571 0.0717855451450224 0.997416764838743 0.00257540809344017 -0.811594693375321 -0.972612716364109 0.069427603705333 0.221820449486889 25.3785549455684
0.207349877159192 -0.018814188550523 0.978085913788382 28.4064767430134 0.0716829764523259 0.997419487424484 0.00398961060942084 -0.791587343201162 -0.975637012074165 0.0692848642566677 0.208163465228488 25.2690602284731
0.195966820818748 -0.0194731500981477 0.98041715690998 30.540737163547 0.0720288207748156 0.997387862426921 0.00541302699482786 -0.827859368109434 -0.97796158110428 0.0695575179884408 0.196857556561351 25.905559535088
0.184988277177083 -0.0168560498073586 0.982596158598204 31.860550790375 0.0722454577279267 0.997380712164033 0.00350839576565706 -0.836827875295034 -0.98008159412609 0.0703390971512855 0.185721512666694 26.1398284832692
0.174235301498953 -0.0127757770438972 0.984621165338474 32.2618438360329 0.0725972519203347 0.997361333760457 9.45154941500607e-05 -0.812085632619865 -0.982024286219635 0.0714643228505511 0.174703038995685 25.995569727828
0.165486404813363 -0.0113195660595108 0.986147107305077 34.4222404315639 0.0738979780591366 0.997265350482716 -0.000953711359457489 -0.848161636621606 -0.983439544995379 0.0730321035628179 0.165870350540628 26.5008037748822
0.158048910707156 -0.0102844990026756 0.987377724533294 35.8062079204304 0.0736323827663917 0.997284471013892 -0.00139860025921393 -0.8572377807961 -0.984682087799115 0.0729240217953279 0.158376996476034 26.705932869543
0.151807373945438 -0.00860162064020438 0.988372669258996 36.4270522994664 0.0731938583301123 0.997314439863497 -0.00256264365669279 -0.833913946097455 -0.985696292129853 0.0727318373349783 0.152029271916092 26.6796132216488
0.146865090356411 -0.00798792145410321 0.989124278513801 38.3286204828807 0.0741497830055755 0.997242733816984 -0.00295626951651666 -0.865820020002888 -0.986373385141159 0.0737775234070059 0.147052446851793 27.0231731687964
0.142230624756205 -0.0061759025897196 0.989814279351769 39.7401027661314 0.0732342407733833 0.997305494817395 -0.00430069591777174 -0.876174390998236 -0.987120658967183 0.0730999879222515 0.142299671137923 27.2285324451351
0.137971776240778 -0.00440432835201896 0.990426368213575 40.6619358413082 0.0736829506972655 0.997264677705601 -0.00582969787273727 -0.859715913439831 -0.987691556984016 0.0737818710288012 0.137918902874045 27.2965826511076
0.135092812735375 -0.00631606630763996 0.990812817465359 42.4044141811721 0.0733143953542966 0.997302240878815 -0.003638649739594 -0.891589309222245 -0.988116861196629 0.0731323980496404 0.135191423449974 27.5187398586694
0.132596514372607 -0.00855119639799999 0.99113321073224 43.873807342612 0.0739596406625319 0.997260400425885 -0.00129046327805672 -0.905836479804447 -0.988406867605292 0.0734749670470541 0.132865696431134 27.7178307208593
0.130385511657216 -0.00859035071773035 0.991426156717903 44.9629870232121 0.073835001027294 0.997269897898688 -0.00106928407807942 -0.886499320446666 -0.988710276558904 0.0733413704513798 0.130663814451929 27.8127770952169
0.128072376379968 -0.00908053915148717 0.991723252836751 46.6820456595273 0.0764939411119427 0.99706976482504 -0.000749029306808271 -0.91125655377637 -0.988810468887517 0.0759567500651398 0.128391700424877 28.0423252707286
0.126975365652459 -0.0093459928987552 0.991861839640058 48.1928479533204 0.0763601536950538 0.997080228637073 -0.000380248221378252 -0.917487781442483 -0.988962276047521 0.0757870046761218 0.127318288070211 28.2387011520027
0.126366605562641 -0.00745512367143716 0.991955594837601 49.6508575003935 0.0779037146096006 0.996957922304295 -0.00243154369257157 -0.907116422899255 -0.988919861388476 0.0775842914883326 0.126562970357256 28.4491076020039
0.126411081623016 -0.00788691008660567 0.991946588830359 51.3145265046657 0.0780001622914749 0.99695131313615 -0.0020134345307471 -0.931699412604696 -0.988906574518242 0.0776265153500518 0.12664087408576 28.647744453342
0.127026162339526 -0.00656366012140439 0.991877649938289 52.8837152373458 0.0779763147896023 0.996949451852293 -0.00338892066086207 -0.945078367039909 -0.988829635687122 0.0777734454503814 0.12715047294309 28.848167930588
0.128002044695001 -0.00589764261636638 0.991756368452186 54.4447395289417 0.0778240963379889 0.996958609804502 -0.00411586756961039 -0.94480432740955 -0.988715776440871 0.0777093826268409 0.128071719238405 29.0615562049178
0.129433572524779 -0.00765216873888439 0.991558568425015 56.2035285108042 0.0777368931485502 0.99697089017371 -0.00245348524565021 -0.970867699967594 -0.988536254138959 0.0773982458446661 0.129636359842001 29.3155850744088
0.130478232663463 -0.00722849291065976 0.991424823015472 57.8796292159285 0.0787057183295808 0.996893104984056 -0.00308984424736494 -0.989791139442782 -0.988322235256925 0.0784339602818118 0.130641774219685 29.5404457504051
0.131679148571158 -0.00541469561097682 0.991277601332248 59.4242941308847 0.0778354744909881 0.996954206430776 -0.00489379104014865 -0.983932498731596 -0.988231875999928 0.077800972689436 0.131699536469344 29.7235080306659
0.132384330790887 -0.00589732373320845 0.991180917155811 61.2524707103822 0.0794546341130888 0.996827491251206 -0.00468121819429286 -1.01017548068766 -0.988008780365339 0.0793736370504283 0.132432910042718 29.9937582953959
0.133344606640977 -0.00605301117199207 0.991051248390069 62.9811693096069 0.0791556361182806 0.996851831940752 -0.00456184470116409 -1.02774644196359 -0.987903639607869 0.079055589379366 0.133403945359227 30.2258391400319
0.134396682957387 -0.00747032298948772 0.990899452964066 64.239564325036 0.0802872874436501 0.996766051570992 -0.00337489414882384 -1.0198758497679 -0.987669723685501 0.0800102037868158 0.134561822984827 30.3353102282902
0.134858687950015 -0.0102182825410826 0.990812152219739 66.4442911515245 0.0824465253910008 0.996595042968629 -0.000943812114210746 -1.05713375857432 -0.987428835276422 0.0818163005290906 0.135241961803214 30.6932180404493
0.135594257151216 -0.00962421449153959 0.990717705465604 68.261548385147 0.0838869664586636 0.996473648994473 -0.00180103248251024 -1.0774134540401 -0.987206753565824 0.0833525125899685 0.13592345036441 30.9402910863618
0.136726942461959 -0.00781321638191358 0.990577961018099 69.7195706716626 0.085362853030165 0.996342204080585 -0.00392373424070019 -1.07658984074027 -0.986923972009777 0.0850950410870727 0.136893781651449 31.1299967456584
0.137094989753112 -0.00830276091807287 0.990523108234095 71.7583996067413 0.0849018046961828 0.996383525426823 -0.00339909066485171 -1.10356879160023 -0.986912684761892 0.0845631977822147 0.137304108594465 31.367219253123
0.137237121575111 -0.00863492778369791 0.990500585806969 73.6245821029583 0.0853502449139517 0.996346063454485 -0.00313967066429018 -1.12309190045085 -0.986854248688684 0.0849703469506984 0.13747265904234 31.6184714790944
0.137739760523662 -0.00941213236016582 0.990423732619185 74.9845064709376 0.0849159359987481 0.996385369917976 -0.0023406039550152 -1.11893490603293 -0.986821687127083 0.0844251525189764 0.138041122270889 31.8382621213906
0.137311772168046 -0.00979206995734416 0.990479476107416 77.2726175675485 0.0865308583258443 0.996246857810727 -0.00214682548075965 -1.15581577855471 -0.986741043932735 0.086001823633006 0.137643737781034 32.1416165108839
0.138143773538735 -0.00993771563742518 0.990362327454144 78.5043154802679 0.087273073947836 0.996182046266721 -0.00217744335057212 -1.14422267188773 -0.986559531095906 0.0867327648801713 0.138483641994521 32.327279807164
0.137721908964711 -0.00934428839117405 0.990426857504167 80.9080041689185 0.0881023828750462 0.996107338779959 -0.00285302654139156 -1.18858982008648 -0.986544801781883 0.0876518904711684 0.138009058304068 32.6360181009618
0.137064586733153 -0.00844017797672981 0.990526154354034 82.7363914496264 0.0873524636634661 0.996170965792796 -0.0035991670385914 -1.20041191787431 -0.986703018215508 0.0870182182486517 0.137277032081981 32.8932369910032
0.136362843661823 -0.00727751546331245 0.99063222874947 84.0338788815658 0.086167790618704 0.996270284462348 -0.0045422634449213 -1.19094955482909 -0.986904395941346 0.085979986427035 0.136481336473726 33.0826201222637
0.134796506982784 -0.00654506290176476 0.990851686104864 86.3912383843768 0.0854302113192516 0.996331405590037 -0.00504075678135052 -1.23270173316129 -0.987183661077911 0.0853281453366512 0.13486113937758 33.4251916507763
0.133830434666431 -0.00717746626228296 0.990978253411773 88.2763062444257 0.0842740699950283 0.996433912072448 -0.00416413237913368 -1.25657278739608 -0.987414449906151 0.0840710583378827 0.133958057863203 33.6733026693772
0.133097887798451 -0.00715851599309291 0.991077044387755 89.6449575115491 0.0841368357323858 0.996445767097187 -0.00410196380294756 -1.25130505889688 -0.987525161773882 0.0839320491997889 0.133227121790541 33.8687167312217
0.132898356716081 -0.00781566664288669 0.991098855885271 92.1107158689483 0.0819526901801511 0.996631306101432 -0.00312989948543516 -1.28530515415876 -0.987735684965569 0.0816391759725687 0.133091177739618 34.1876949799643
0.131089015866396 -0.00650667632682474 0.991349248792956 93.3906333677008 0.0817793534856247 0.996641301058548 -0.00427251305414747 -1.28573857738942 -0.98799180526088 0.0816319801762922 0.131180839110917 34.3787896548183
0.128487832490719 -0.00584564765307503 0.991693856643951 95.7828599269642 0.0805914820728157 0.996736756206374 -0.00456638199254792 -1.3143600724391 -0.988431024360903 0.0805088021939896 0.128539654776824 34.6531404066064
0.124444225642703 -0.00497596084157913 0.992214127352504 97.7791167165763 0.0809438540849548 0.996705339291952 -0.00515355341379039 -1.33177455090685 -0.988919474573164 0.0809549655093393 0.124436997590427 34.9021721657766
0.119793699940489 -0.00510014781305103 0.992785705954137 99.3057616866262 0.0791870761749986 0.996849911691835 -0.00443401926419413 -1.34234789893465 -0.989635729155644 0.0791469648961052 0.11982020500029 35.1075561060104
0.115179503262719 -0.0056362096385334 0.993328704492659 101.531527380725 0.0774610797208536 0.996989832643041 -0.00332486614475332 -1.37728094321281 -0.990319879209053 0.0773272703986858 0.115269380565941 35.3633568503846
0.110701853771176 -0.00454535347939178 0.993843266985983 103.56180763319 0.0760405672629072 0.997097059482622 -0.00390974442176285 -1.40106588738849 -0.990940427927916 0.0760052217472958 0.110726124131499 35.579787413124
0.105522494283051 -0.00263269039693916 0.994413431195274 104.98859000609 0.077118662751828 0.997006507929895 -0.00554391565649602 -1.41307108791706 -0.991422067061074 0.0772728418444047 0.105409643096048 35.7511310045338
0.100959873229367 -0.000880765333921465 0.994890108630062 107.612201484222 0.0762509009640774 0.997065096819833 -0.00685512989108657 -1.44691732372918 -0.991964164725559 0.076553360188066 0.100730724926606 36.0252737877741
0.0962132250450695 -0.000264964870429752 0.995360711059084 109.024672122924 0.0755868257424271 0.997114365187951 -0.00704091684467434 -1.47066694677011 -0.992486597945086 0.0759135859345815 0.0959556166669889 36.1555071415627
0.090963976955361 4.35665882381432e-05 0.995854182598244 111.413168019611 0.0731953057508545 0.997294921906451 -0.00672948405487558 -1.50295767430545 -0.993160612445189 0.0735039920110349 0.0907147234242504 36.4098480062449
0.0853418310629941 -0.000187226453025176 0.996351713411018 113.40880210167 0.071511302869059 0.997422115155301 -0.00593782460964756 -1.52010262181094 -0.993782121711186 0.0717571539665594 0.0851352184576653 36.5926760799586
0.079745190018918 -0.000293944148820922 0.996815237777636 115.362338445279 0.0708215965789818 0.997474534767689 -0.00537158710121533 -1.55530358761143 -0.994296236604992 0.0710244048677591 0.0795646139080058 36.776940700853
0.0740176731947036 -0.000746070295173743 0.997256650734382 117.305847367394 0.0708276232159932 0.997478371466845 -0.00451068125944984 -1.57738126993621 -0.994738574623713 0.0709671884392055 0.0738838705037773 36.8856881368092
0.0686025885347018 0.000692943534876822 0.997643826561161 119.219926275872 0.0718377169781722 0.997400428855518 -0.00563266705849777 -1.60541961288916 -0.995054283577385 0.0720548703980885 0.0683744717435699 37.0335002991412
0.0626251026221792 0.00175799099301933 0.998035573508895 121.347557843756 0.0714042748351768 0.997427954339362 -0.00623742235684352 -1.63390915772712 -0.995479545775213 0.0716546256013077 0.0623384999267095 37.2013403361891
0.0571045350378152 0.00146871557322187 0.998367124334871 123.323791515069 0.0722980542518273 0.997367335966283 -0.00560254396845475 -1.6702187008693 -0.995746987657766 0.0724999311867508 0.0568480127040657 37.2859478816041
0.0512861207143368 0.00171551085367101 0.998682527555472 125.705649383563 0.0710023057757272 0.997461752009208 -0.00535965047852147 -1.68394179962318 -0.996156818175033 0.0711836378757978 0.0510341385952843 37.4867223824393
0.0459626516277145 0.00249545817889201 0.998940041916344 127.569447657231 0.0707574907438513 0.997476989334765 -0.00574745607092574 -1.72601111140523 -0.996434048072919 0.0709466590906916 0.0456701150084606 37.5028846407149
0.0404056988593042 0.0034239376796504 0.999177489813726 129.591087613007 0.069698192923439 0.997548627010614 -0.00623687842163971 -1.74808283074192 -0.996749487786625 0.0698928708811214 0.0400680071515491 37.6340394811416
0.0358673738244473 0.00217449170304689 0.99935419300705 131.752903448618 0.0710178254030056 0.997463882643162 -0.00471924755189593 -1.77860231612671 -0.996829975457182 0.0711412286108502 0.0356219822830396 37.6951458269318
0.0317690282116645 0.00144871171470809 0.999494187117091 133.801995682014 0.0731865343731802 0.997311137405224 -0.00377178922276382 -1.79991658984864 -0.996812148818889 0.0732693417594652 0.0315775794703285 37.795290190672
0.0280778553727808 0.0020508096079763 0.999603635556423 135.929076869106 0.0743033599406454 0.997227119908352 -0.00413304014312433 -1.82486654508727 -0.996840330614285 0.0743899556341151 0.0278476168021303 37.8404951172403
0.0249035656598445 0.00243066215941252 0.999686903134623 137.988200208682 0.074792715171254 0.997189883976101 -0.004287779500196 -1.8465946136613 -0.996888089092621 0.0748760788048989 0.0246517879283651 37.923580086986
0.0216474298700097 0.00242775290310485 0.999762719246854 140.023677600337 0.0744051169407884 0.997219943837565 -0.00403264003249537 -1.87626136023726 -0.996993112991785 0.0744747583308972 0.0214066115605398 37.9712066434901
0.0173167361987332 0.00337003063166015 0.999844374660859 142.264859621696 0.0726337804239342 0.997347980049785 -0.00461959218351039 -1.89371038707964 -0.997208335599313 0.0727024730264102 0.0170260338039396 38.0338637828001
0.0127269823522302 0.00460064567253227 0.999908424796792 144.20407965298 0.0717777346312041 0.997405472616961 -0.00550272704663711 -1.92132564944463 -0.997339451105499 0.0718411946805811 0.0123637379237987 38.0736055237883
0.00814053592002928 0.00422203771187568 0.999957952152236 146.487069900862 0.0706892664340236 0.997486897910879 -0.00478707709893738 -1.94758772281288 -0.997465166953691 0.070725263475586 0.00782162517349283 38.1138474152391
0.00343794486461546 0.00503484547631204 0.999981415260373 148.430470875196 0.0711478694389193 0.99745187471514 -0.0052667163921672 -1.97497223665041 -0.997459854434959 0.0711646538548646 0.00307096602178425 38.1195006547317
-0.00127591901596369 0.00557223852096028 0.999983660960783 150.743532567851 0.0708795825639169 0.997469893288229 -0.00546779289412449 -1.99222156234559 -0.997484063434715 0.0708714479987087 -0.00166764874501002 38.1529275848127
-0.00587365923732186 0.0059265110808546 0.999965187690838 152.6997459997 0.0703426188193306 0.99750773409418 -0.00549876349119642 -2.02435149092813 -0.997505597029311 0.070307872167363 -0.00627590682655144 38.1331147475038
-0.0103533655426447 0.0050982753399307 0.999933405487835 155.022781545718 0.0700989802966508 0.997530511555771 -0.00436021520712005 -2.04904622495026 -0.997486311075651 0.0700491691873708 -0.0106851819286788 38.1416233068321
-0.0146628541455911 0.00528473877792887 0.999878528744544 157.059736733425 0.0708432536916911 0.997478477831233 -0.00423316310350055 -2.07443947153124 -0.997379684029447 0.0707725780195635 -0.0150002695237446 38.1080918017977
-0.0187844160577333 0.00558676016470861 0.999807948470221 159.273828114454 0.0717984705490763 0.997410213493832 -0.00422441061003817 -2.10184096974307 -0.997242260105429 0.0717053284564739 -0.0191368892656514 38.1206795733549
-0.0226618982002063 0.00687771060262193 0.999719528401256 161.432985921857 0.0722850905246832 0.997370335557789 -0.00522297206406834 -2.12743716102543 -0.997126523595578 0.07214645414856 -0.0230994609458293 38.0568545983107
-0.0262366184718335 0.00838591527876296 0.99962058616062 163.585344863816 0.0722759648481152 0.997363687024895 -0.00646998526905345 -2.15741557445794 -0.997039530187463 0.0720787918117748 -0.0267735506520406 38.0068759795878
-0.0299222030054571 0.00940062986529575 0.999508023942498 165.780195346571 0.0729232538002224 0.997311588255466 -0.00719687338692641 -2.18619795460101 -0.996888589975073 0.0726720309988293 -0.030527284321024 37.9542832329466
-0.0334215274047216 0.0102249028880803 0.999389039797248 167.9236076598 0.072782730869803 0.997317555075123 -0.00776971209974506 -2.21776963780342 -0.996787678291154 0.0724785878719255 -0.0340760723532261 37.8958879081921
-0.0369914861108993 0.0102870734286834 0.999262631181403 170.126781628509 0.0730378668313961 0.997300491082243 -0.00756310094056719 -2.24921495243124 -0.996642914972071 0.0727042406424195 -0.0376429731634309 37.8198613973417
-0.0411409445128488 0.0103898191890336 0.999099331569094 172.134746737279 0.0725923218261285 0.997334375777015 -0.00738225611605591 -2.28343248340144 -0.996512808495948 0.0722232272242832 -0.0417854993128843 37.7717231546895
-0.0451361142840199 0.0106336203287985 0.998924250034027 174.476774186916 0.0751409907237418 0.997146784933636 -0.00721947432760733 -2.31755653242216 -0.996150873462647 0.0747342987872062 -0.0458063520091936 37.6445066715628
-0.048556649005558 0.0102861172704259 0.998767464242228 176.694913167689 0.0771073073706181 0.997001485806236 -0.00651923693466844 -2.3502975674653 -0.995839703460052 0.0766957175574775 -0.0492041860103343 37.5444875369835
-0.0514046374515957 0.00954681141763642 0.998632275484939 178.728499048121 0.0776725544056224 0.996963572030499 -0.00553266086917231 -2.38270996496032 -0.995652819782366 0.077281915322692 -0.0519900762019121 37.4744312479339
-0.0543192227635776 0.00900093926630756 0.998483051999725 181.079603943401 0.0777676916954408 0.996960160545841 -0.00475651266936958 -2.41625598847852 -0.995490636905604 0.0773913520797721 -0.0548540833169331 37.3193002298591
-0.0571461111996796 0.00975297606079954 0.998318186467977 183.013572121507 0.0764294681741867 0.997060552734991 -0.00536568489624455 -2.44593803207227 -0.995436014201498 0.0759943000346228 -0.0577235479928502 37.2697819081216
-0.060243369611154 0.0118899211685793 0.998112902527815 185.513529379561 0.0760417429474828 0.997078000728496 -0.00728792101865671 -2.47978164138851 -0.995283070160145 0.0754591958469622 -0.0609714688582041 37.0735699477188
-0.063912047247872 0.0139226115900081 0.997858412352725 187.384464626713 0.0751031229450075 0.997134229013959 -0.00910221141506892 -2.50699324648443 -0.995125505220569 0.0743605420586167 -0.0647745215671705 36.9402149658039
-0.0672253764202186 0.0152798421197262 0.997620807316065 189.954650044362 0.0746700035182196 0.997155710968794 -0.0102410281177489 -2.54961318471127 -0.994939766689295 0.0738038922219939 -0.0681751138842857 36.809855909667
-0.0705763161217858 0.0165393477157442 0.997369256383921 191.863358290793 0.0726664506889636 0.997291190292489 -0.0113959953167518 -2.58990593058855 -0.994856055189366 0.0716709965197131 -0.0715869940067684 36.7311745177663
-0.0747119971229973 0.0168918853413272 0.997062075146532 194.272559018637 0.0736791959956698 0.997217136800844 -0.0113735723568933 -2.62928974933769 -0.994479508870507 0.0726129897493642 -0.0757486643864684 36.5418704572879
-0.0784214223116855 0.0160091187108067 0.996791747879524 196.328665567769 0.0731153478559516 0.997270667872786 -0.0102645461891807 -2.67344000685036 -0.99423549847635 0.0720758150746138 -0.0793778964877163 36.4054896463092
-0.0825259491728985 0.0155100096293299 0.996468216911312 198.741085696735 0.0730739667272944 0.997281554724495 -0.00947079685309341 -2.7116725530065 -0.993906264745248 0.0720342988276584 -0.0834349848238565 36.2021994378689
-0.0865815551981939 0.0152085789103669 0.996128673127618 200.809923143513 0.0729607978443217 0.99729523345191 -0.00888477979580244 -2.75272996678193 -0.993569502489575 0.0719090846946825 -0.0874570023553909 36.0483167393569
-0.0904375609348615 0.0157027253583602 0.995778324723165 203.069678157581 0.0724030298976759 0.997333470144084 -0.00915153495298933 -2.79317982723383 -0.993266756130391 0.0712697253164305 -0.0913333313721287 35.85857724374
-0.094472664684387 0.0164629111989156 0.995391324144574 205.087333163576 0.0713877029093285 0.997401274839416 -0.00972074184606769 -2.82883327017585 -0.992964607375692 0.0701403557416489 -0.095402405607375 35.6360631451749
-0.0978131162980409 0.0171707256564165 0.995056661934635 207.554838520788 0.0717335154992988 0.997372092282597 -0.0101593449565935 -2.88010890247343 -0.992616188178582 0.0703851952918175 -0.0987877889698667 35.4489303802096
-0.100856352457595 0.0175748326467053 0.994745757179386 209.612491946853 0.0724183237215011 0.997321387984736 -0.0102779111480281 -2.91967710779423 -0.992261851810457 0.0710012276347332 -0.101858937340047 35.2283087593951
-0.103709306566585 0.0170670977241332 0.994461207844103 212.071417553329 0.0736080294617209 0.997242584909002 -0.00943847671891569 -2.96744535377567 -0.991880152906711 0.0722214720099637 -0.104679612391685 34.9982792175938
-0.106484101387449 0.01609707127055 0.994184097865289 214.112640440947 0.0749503313704358 0.997154228172816 -0.00811745431382791 -3.00493319894845 -0.991485544009175 0.0736500477500595 -0.107387552757499 34.7681274146638
-0.109341865489113 0.0166714649784327 0.993864386476764 216.604958035906 0.0762381987369843 0.997054774459213 -0.00833749251436531 -3.04759946922468 -0.991076229916095 0.0748587936288043 -0.110290831494459 34.5179878609187
-0.112260972686454 0.0174863061141197 0.993524888017394 218.742602741844 0.0760829086402015 0.9970613107212 -0.00895174149366354 -3.08728113297976 -0.990761759972769 0.0745853320794774 -0.113261481600128 34.2112112142342
-0.115059162917662 0.0178370185554545 0.993198484592953 221.158201868033 0.0755277868350235 0.997101647119184 -0.00915744112799893 -3.13184016094489 -0.990483186351232 0.0739604359185496 -0.116072871396585 33.9938668600032
-0.118108985756729 0.019239816705827 0.992814230829033 223.430822752954 0.0752792346648426 0.997108595451961 -0.0103675312438843 -3.17657236114835 -0.99014307264748 0.0735137968611576 -0.119215843574854 33.7310150918493
-0.121043135949796 0.0204821578679209 0.992435912514513 225.180516818246 0.0753571844863511 0.997091583181097 -0.0113872514551412 -3.22051475021714 -0.989782730696858 0.0734088275242571 -0.122234569806518 33.5195528241832
-0.124036235052409 0.0211725315967076 0.992051781057728 227.817864421574 0.0729484128579097 0.99726154593478 -0.0121629791286465 -3.27307829435826 -0.989592613884894 0.0708599527628855 -0.125241070096459 33.2170605217514
-0.126986412589773 0.0217646020865701 0.991665645827057 229.677458020724 0.073936109558017 0.997185662695144 -0.0124179635476887 -3.32498141669743 -0.989145036241402 0.0717429871921994 -0.128238219995971 32.9656325277642
-0.129984511941531 0.0209632827962543 0.99129438989118 232.161939546794 0.0755362770317377 0.997080367395489 -0.0111808678849385 -3.37839207282183 -0.988634562165164 0.0734253479997211 -0.131188493259178 32.6616905850134
-0.132674603425095 0.0197575376348457 0.990962708335991 234.296114139828 0.0758835468208009 0.997069313358476 -0.00971965435355693 -3.42553788108055 -0.98825054360111 0.0739082137888947 -0.133785047769345 32.3487123811087
-0.136106133438842 0.0195654690094555 0.990501041323415 236.645456014226 0.0751749278031651 0.997126371070544 -0.00936644785800824 -3.47343546875692 -0.987837967821706 0.0731860132684375 -0.137185847636536 32.0711541298969
-0.139331762329816 0.0201819155245095 0.990040075093847 238.798313268603 0.0737985993310701 0.997223603327686 -0.00994241936944155 -3.51865417518063 -0.987491988191722 0.0716782760109869 -0.140434319186062 31.7484305483498
-0.143138561107057 0.0199435535206905 0.989501696308383 240.936919433254 0.0723675200550817 0.997331514418074 -0.0096328806505927 -3.56228850553373 -0.987053339169307 0.0702289471764925 -0.144199863429904 31.4733209142063
-0.147002006473176 0.0194746729862283 0.988944461132646 243.646184754517 0.071414660261162 0.997405875511136 -0.00902584043992526 -3.61787061589755 -0.986554791378889 0.0692983160541701 -0.148011442123281 31.0275476874787
-0.150717859980355 0.0198134455392635 0.988378244428117 245.460817410854 0.0710038683592976 0.997433910533093 -0.00916759492330257 -3.65557099034627 -0.986023619068508 0.0687969584685607 -0.151737935746198 30.8142996130855
-0.154782047950489 0.0196333777522673 0.987753536116317 247.714483032438 0.0704552668925084 0.997476244202929 -0.00878621749809281 -3.69991475002586 -0.98543319053062 0.0682324902730008 -0.155774690729229 30.4768960778823
-0.159219947307731 0.0192642444002511 0.987055164247172 250.32701470056 0.0693080793988678 0.997560863863524 -0.00828933157139728 -3.7534970423883 -0.984807290036667 0.0670910707586913 -0.160166755961057 30.0360647494052
-0.163435258277915 0.01937650165859 0.986363760250297 252.336693906105 0.0687547068373298 0.997599854303163 -0.0082049364421899 -3.79278260562405 -0.984155326480197 0.0664761752643923 -0.164375215537117 29.7416762973538
-0.167640933495587 0.0201723564037251 0.985641716575475 254.833377210951 0.0687281150556783 0.997597251395017 -0.00872755464031954 -3.84317940050279 -0.983449522658699 0.0662782018934387 -0.168624542508352 29.3087985735001
-0.171516208548135 0.020469570301084 0.984968622290559 256.825991813648 0.0693498079672208 0.997554858197961 -0.00865499974320733 -3.88182858024391 -0.982737398464199 0.0668229120686483 -0.172516387866439 28.9990229832529
-0.175593289968507 0.0203990029050191 0.984251429868668 259.344770182814 0.0690212867116847 0.997580144549131 -0.00836164947830552 -3.93477983844775 -0.982040252993074 0.0664660505958918 -0.17657634501678 28.5445648166339
-0.179491147383578 0.0210511933511638 0.983534328465163 261.327216341893 0.0678844013333775 0.997652916292178 -0.00896474591507478 -3.97175584168872 -0.981414609666341 0.065157546548384 -0.180498914293853 28.2120493616577
-0.183822129990431 0.0212976802963189 0.982728768959054 264.125939693663 0.0684098165232236 0.997618279655182 -0.008824120414722 -4.02987187652989 -0.980576117152075 0.065606226166656 -0.184841287485046 27.6639688744868
-0.187460466591748 0.0216618929704139 0.982033266166754 266.004670069145 0.0692098035931867 0.997563374632547 -0.00879299029441117 -4.06481865996774 -0.979830891813376 0.0663179914100496 -0.188502911021395 27.3481300387939
-0.191309447463329 0.0225354042422916 0.981271038432763 268.252173664153 0.070591101416364 0.997463417677738 -0.00914476874891288 -4.10744280690923 -0.978988044723786 0.0675195227344136 -0.192414974307138 26.9226581164515
-0.194874149511572 0.0240645676859631 0.980532999156188 270.651303972385 0.0726970856290637 0.997303650166081 -0.0100281157976406 -4.15490475796797 -0.978130461438137 0.0693276708645113 -0.196098124568594 26.4494050129102
-0.198104253439276 0.0245787461153433 0.979872741741837 272.899038841925 0.074036168782134 0.997204962178754 -0.0100453530616291 -4.20091763989991 -0.977380862551202 0.070555996523803 -0.199370260754212 26.0092777328667
-0.201237838775579 0.0262576332234525 0.9791904150585 275.327642591497 0.0758285084231602 0.997058498640951 -0.0111529188184867 -4.24876008558734 -0.976602974373544 0.0720061593570694 -0.202636974561385 25.5088964333308
-0.204159572258747 0.0285120013527427 0.978522322092852 277.441532114302 0.0777135836245034 0.996893129283949 -0.012833070820861 -4.29189239881647 -0.975848076277943 0.0734244820568529 -0.205741044663723 25.086154496024
-0.207350686750015 0.0288177629905142 0.977842128996557 279.920297272497 0.0786341618558101 0.996822605590518 -0.0127028175206839 -4.34297285308504 -0.975101205667151 0.0742578583043713 -0.208957912476452 24.5628127069517
-0.210933291601774 0.0298033027102341 0.977046012039148 282.043980101948 0.0789353761789237 0.996790149313554 -0.0133643039083439 -4.38422160025431 -0.974308140621607 0.074304517891074 -0.212608762141739 24.1169084074534
-0.214677919365118 0.0299687950572515 0.976225005959118 284.497847038448 0.0780354149743388 0.99685996623992 -0.0134417899822654 -4.43025850180519 -0.973562460732154 0.0732944679424105 -0.216342450809342 23.5877726886627
-0.218416557497693 0.0309780059176756 0.975363814461159 286.683921509014 0.0792767944693417 0.996755661765477 -0.0139046969450002 -4.48019790209488 -0.972630144129578 0.0742867006120948 -0.220163777317356 23.110200495823
-0.221907940116284 0.0316997221548223 0.974552201643737 288.925813508738 0.0783832841006222 0.996816735894438 -0.0145758641033832 -4.52358540551333 -0.971911995443491 0.0731541021137313 -0.223686276863345 22.6462924816623
-0.225158272386223 0.0318593027963596 0.973801179502973 291.469763358984 0.076989538305188 0.996921832845799 -0.0148145262133389 -4.57694408015971 -0.971275637173921 0.0716368900825656 -0.226918030600684 22.0403811485095
-0.228322873212471 0.0320740489419835 0.973056997792252 293.950713677908 0.0783905930074644 0.996817800711343 -0.014463302283313 -4.63324727474403 -0.970424433171352 0.072976212353531 -0.230110608044463 21.4917627292289
-0.230649438599424 0.0316959887692959 0.972520540024583 296.165455701755 0.0800871170109021 0.996696581436857 -0.0134899310956206 -4.67128203426582 -0.969735474324134 0.0747749212505047 -0.232425947323719 20.9587394880793
-0.232889034672131 0.0314384656978728 0.971995020771221 298.455217603952 0.0809149794904929 0.996638191698785 -0.0128483828332238 -4.72022203786584 -0.969131293284628 0.0756567096954371 -0.234649949189265 20.4316921253416
-0.235324524330976 0.0312191016748605 0.971415326180833 300.857552400413 0.0808615743947165 0.996647690102911 -0.0124413664418523 -4.76034217739579 -0.968547249252615 0.075622414026183 -0.237060069311651 19.8494753614649
-0.237882452839677 0.0304546088765418 0.970816386053077 303.296515662257 0.0802861062026508 0.996704430454277 -0.0115939408154495 -4.81557870849499 -0.967970082069583 0.0751850723946738 -0.239543576635258 19.2900307369945
-0.240495301884256 0.0302916453522871 0.970177522927351 305.41731237598 0.0817415337605201 0.996594460405863 -0.0108537158072652 -4.84395558947226 -0.967202321869669 0.0766935310844297 -0.24215237116271 18.7739290271879
-0.243255790457051 0.0298506446774349 0.969502738222774 308.105243012901 0.0817570045397239 0.996600387693307 -0.0101715022608317 -4.89453963269577 -0.966510430682363 0.0767893629475598 -0.244869314370546 18.089165720356
-0.245427077285487 0.0309043122210239 0.968922325690377 310.406383189598 0.0813212552808471 0.996625131476156 -0.0111893140845609 -4.93280061652742 -0.965998138287363 0.0760478191421761 -0.247111970630862 17.5190818739452
-0.248423834663464 0.033565892515906 0.968069692341781 313.201890432917 0.0806168381561119 0.996648670993378 -0.0138691028132704 -4.98803626839519 -0.965290901115727 0.0745973020071399 -0.25029726078494 16.7959767594452
-0.251895048319305 0.0333251564009394 0.967180602877802 315.241446157802 0.0790600299304665 0.9967749656034 -0.0137542580219575 -5.02575781713321 -0.964519774965557 0.0730006979226485 -0.253717365986638 16.3009996131483
