0.999999999927305 2.45990957440033e-06 -1.1804207973524e-05 0.000257239049434693 -2.45994027647663e-06 0.999999999993592 -2.60092954208286e-06 1.19337049111255e-05 1.18042015753969e-05 2.60095857954041e-06 0.999999999926948 0.000723502903639673
0.999622512192856 -0.00285287314552753 0.0273257064329432 0.0376721718677868 0.00286728521923664 0.999995770134766 -0.000488249985445598 -0.00862943651464485 -0.0273241979336158 0.000566416271189632 0.999626463925347 1.17880023566631
0.998602816393738 -0.00693328701523476 0.0523864927405827 0.104724983027389 0.0070052217978429 0.999974755467087 -0.00118966217980711 -0.0185843599285992 -0.0523769219986988 0.00155497900417136 0.998626176345402 2.37641699895032
0.997103300929553 -0.0112536155901129 0.0752220939055794 0.203874524783884 0.0114008529624877 0.999933840335577 -0.00152823541141176 -0.0299810337261863 -0.0751999190632381 0.00238140460546405 0.997165633726407 3.59360361380746
0.995302269589435 -0.0170099163028347 0.0953103084534444 0.323187129811182 0.017202152108162 0.999851317188298 -0.00119560849475209 -0.0417684450013003 -0.0952758002483727 0.00282953427185916 0.995446892417088 4.73836253994539
0.993390069075479 -0.021579595891032 0.112740816492496 0.479406375126926 0.0217405968103369 0.999763625554329 -0.000198667544231192 -0.0525830744843649 -0.112709880279172 0.00264840700091842 0.993624410342164 6.07319991718265
0.991429815868619 -0.0247106645992143 0.128282123703114 0.629985888649142 0.0248928106356082 0.999690109147682 0.000183441969212283 -0.062056310972926 -0.128246903219437 0.00301143277551657 0.991737698732514 7.13964351882763
0.989422952052248 -0.0272453891635623 0.142477755181433 0.828559512495179 0.0273465302896033 0.999625233949276 0.00124857237477481 -0.0739980106821438 -0.142458377196057 0.00266090608276316 0.989797216780025 8.55870355054686
0.987432893518806 -0.0276697568509664 0.155597767827457 1.02404297751406 0.0275845099964711 0.999615808448221 0.00270745427722161 -0.084813951174441 -0.155612903081118 0.00161865877103827 0.987816786827623 9.79790163403178
0.985450430092949 -0.0275726444986037 0.167711654648612 1.23438270501952 0.0274721451921154 0.999618305186011 0.00291979033341806 -0.0956132002819254 -0.16772814632066 0.00173009028706851 0.985831768467335 11.0235768706858
0.983485692954343 -0.0273141862292655 0.178912903348947 1.44136355011637 0.0276947186650391 0.999616358928168 0.000370838586154826 -0.102356525729527 -0.178854394165145 0.00459022807991572 0.98386484615215 12.0832891620439
0.981604938328147 -0.0272539315883427 0.188968167326597 1.70537090007949 0.0282793727387137 0.99959632542441 -0.00273189961765256 -0.113526045051378 -0.188817430676566 0.00802554739528498 0.981979413461253 13.5278507831124
0.979735764795578 -0.0279894841982205 0.19832906986809 1.95696153067361 0.0295570573475404 0.999550851424189 -0.00494730008513975 -0.122573220540443 -0.19810151827126 0.0107090705243631 0.980123004661724 14.724281614354
0.978217261810214 -0.0275314053022804 0.205749873435219 2.22055320728758 0.0293869167237896 0.999550299298902 -0.00596726880108146 -0.129559092777544 -0.205493060276975 0.0118836397436505 0.978586419936659 15.9699641640172
0.977010373840631 -0.0270870285711096 0.211463997623656 2.51542530671296 0.0291062084654469 0.999555571167352 -0.00644117823645708 -0.145456793657652 -0.211195544547123 0.012448013154546 0.977364562961001 17.343357606387
0.975884641497842 -0.0278389771383804 0.216504406053357 2.80929183264722 0.0302456061257179 0.999511986989567 -0.00780968464505373 -0.159972964892229 -0.216181335454095 0.0141696582900218 0.97625040383358 18.6546921569394
0.974889911217153 -0.0264752406977753 0.221107943405493 3.11534061092137 0.0293264973869169 0.999523574274454 -0.00962190317117172 -0.170416516681934 -0.220747859690705 0.0158646178527914 0.975201874661015 20.0408746803545
0.97395935264374 -0.0267277321091082 0.225141750313197 3.42968798676897 0.0298017352903472 0.999503113009987 -0.0102656542426313 -0.190077702959602 -0.224755502650036 0.016707944806257 0.974271937709837 21.3821773825603
0.97328385743022 -0.0266173325873014 0.228057121072085 3.75855908624597 0.0294917209597428 0.999522642335867 -0.00920466472826557 -0.207318157918838 -0.227703252635054 0.0156845485706184 0.973604243866856 22.809839826664
0.972710321174728 -0.027765175748477 0.230355651321635 4.10461472949076 0.0302191219083937 0.999517860632244 -0.007130985081162 -0.225497765810592 -0.230046594739509 0.0138975282981652 0.973080378466218 24.2947179918713
0.972215879876957 -0.0278961501601743 0.232417916093651 4.44331435594388 0.0301283986920549 0.999527669547789 -0.00605948847832458 -0.23439257930437 -0.232139101633755 0.0128935105618047 0.972597139044767 25.7083655773289
0.971646009107779 -0.0304538841345622 0.234470880763569 4.80929142972624 0.0328711296526637 0.999439061019625 -0.00640719467225728 -0.253415025358419 -0.23414423294261 0.013932847854229 0.972102028559959 27.2256978334906
0.971411970890993 -0.0302422753768253 0.235465894748494 5.16577915224555 0.0326195160615289 0.99944857200937 -0.00620637417031888 -0.266343833610117 -0.235148357386541 0.0137097297005672 0.971862795527203 28.6968022791679
0.971201631739477 -0.0316891909006061 0.236142299655613 5.52277611640861 0.0344272246082781 0.999379217957781 -0.00747963367187715 -0.275900595063817 -0.235758683217284 0.0153939564166998 0.971689698099909 30.163653440873
0.971186555781428 -0.0314709803523186 0.236233467707419 5.89196303239551 0.0342459751836464 0.999384141256617 -0.00765188790402408 -0.295539791029972 -0.235847168846966 0.0155214561313897 0.971666196461744 31.6854536145036
0.971355091395904 -0.0309350911842413 0.235610497543463 6.26604840379082 0.0340406107583704 0.999378804259532 -0.00912372818450541 -0.31489194765453 -0.235181893942652 0.0168827050619946 0.971804739148424 33.2354343665302
0.971617573308271 -0.0313283752931868 0.234473504132207 6.64350443030999 0.0343937866331955 0.99936788098066 -0.00899477099518984 -0.334547973210067 -0.2340434974093 0.0168039092390708 0.972080896816056 34.8005734054818
0.971959140852702 -0.0305967280054475 0.233150742542756 7.00360567676214 0.0334172206872307 0.999408210298119 -0.00815589052475125 -0.350227831386144 -0.232763222770306 0.0157184421642689 0.972406403054561 36.3074301181638
0.972181658360597 -0.0314867450880477 0.232102149992198 7.39357601307803 0.0344703427696856 0.999366896701521 -0.0088091569694026 -0.373641266846194 -0.231677833675517 0.0165647414990847 0.972651525841855 37.9521297209808
0.972430812561483 -0.0311450937010216 0.231102353772888 7.77416702938591 0.0342862477358686 0.999366067248943 -0.0095873274469658 -0.392373349602165 -0.230657252210307 0.0172466451733455 0.972882205219653 39.5606437930066
0.972591472945037 -0.0319950924580796 0.230308794476463 8.16500860556073 0.0352697390000086 0.999326642704616 -0.0101146770384707 -0.413114149672598 -0.229830094342482 0.017960379709801 0.973065029941579 41.2137497822965
0.972841874631355 -0.0316555286348055 0.229295910278841 8.55977280860764 0.0348932880168497 0.999340221297108 -0.0100787176377025 -0.434956179023598 -0.228825578585796 0.017805886798988 0.973304579759171 42.8910302277201
0.972975595800381 -0.0337450742222169 0.228428894719189 8.96021468450457 0.0365978529418249 0.999295912303632 -0.00826297847635742 -0.457355856605388 -0.227989225922941 0.0163996835027161 0.973525532918407 44.5843562998141
0.97306161681295 -0.0357595196530862 0.227755014521192 9.36069102069432 0.0381478496512239 0.999253538673252 -0.00609155283747237 -0.480175164071953 -0.22736717320747 0.0146158203041991 0.973699412726782 46.2919245695032
0.973178498045114 -0.036911815699524 0.227070757263942 9.75799984487532 0.0395451102414867 0.999192866089956 -0.00705695479133924 -0.501667707079604 -0.226626995741117 0.0158472147932282 0.973852694499868 47.9918252128705
0.973279392517647 -0.0385002715627162 0.22637348164058 10.1210254396951 0.0415492250803969 0.999098425855452 -0.0087176458046607 -0.518384407734356 -0.225833757431655 0.0178903477538617 0.974001565430747 49.5462385350575
0.973446411686385 -0.0377789184172771 0.225776076895056 10.5477664448417 0.0407243882133772 0.999135098879902 -0.00840109462480856 -0.549469819662878 -0.225263418644812 0.0173726080215252 0.974143000134468 51.3897747084786
0.973473430558371 -0.0382905325704096 0.225573303190761 10.9360868644892 0.041203146285822 0.999117004256128 -0.00821660163379664 -0.574117257701879 -0.225059504871635 0.0172929731895285 0.974191548077277 53.0671699370818
0.973545595592766 -0.0384671222321161 0.225231555979852 11.3241116855228 0.0411403574430108 0.999127537556604 -0.00718572790589315 -0.596080824169481 -0.224758635632509 0.0162617404743669 0.974278764782112 54.7513442017764
0.973527716955111 -0.0397235247930182 0.225090705934712 11.747009582974 0.0424339404810168 0.999073226701945 -0.0072144565019449 -0.620095461779164 -0.224595514237088 0.016574958985874 0.974311103148884 56.5723806618913
0.973515592163749 -0.0407394827406552 0.224961521954511 12.1579156496913 0.0433979058580582 0.999034156824421 -0.00688296921779251 -0.642043322018273 -0.22446383579811 0.0164635368053715 0.974343337009423 58.3408137931231
0.973513335140192 -0.0409118199753471 0.224940012648986 12.5773124154236 0.0437982364252128 0.999009517393855 -0.00785484834594087 -0.665710100640919 -0.224395857337568 0.017498775465768 0.974340952678751 60.1494318117853
0.97339224816238 -0.040279631369323 0.225577220734142 12.9647427099018 0.0433634744125389 0.999021212325389 -0.00873077377911895 -0.687135298115589 -0.225004756181423 0.0182802795564104 0.974186168591547 61.8467190248342
0.973177277913176 -0.0392031620050349 0.226691636021951 13.4011041714786 0.0424316050210448 0.999055300478978 -0.00938432097686739 -0.716987006805184 -0.226109585486418 0.0187514979045892 0.973921370890635 63.7231586122514
0.972926384444666 -0.0381983935047683 0.227936686790618 13.8166028576854 0.041580185535807 0.999084612018894 -0.010051178929082 -0.74433433064864 -0.227344097399157 0.0192567069020492 0.973624075614943 65.518400879471
0.972733699395226 -0.0373471736016762 0.228898096726129 14.2221761584657 0.0405686211283258 0.999132699841292 -0.00938270150845862 -0.769109891152972 -0.228349155988421 0.0184129501117213 0.97340517063942 67.2671937199138
0.972489734289682 -0.0373150841650425 0.229937602829419 14.6624428595476 0.0404759056595094 0.999139588552302 -0.00904343123920466 -0.800732441671524 -0.229402305485856 0.0181015767625784 0.973163354815872 69.1525639316159
0.97248450823096 -0.0351054155811369 0.230307383832269 15.1042729342285 0.0380411566755057 0.999241554871613 -0.00831777713997118 -0.827561122996189 -0.22984070929576 0.0168500686834288 0.973082382707541 71.044859360001
0.972097806364331 -0.0346794057693322 0.231998262228709 15.5441153351717 0.03786724053451 0.999239500041689 -0.00930019627410034 -0.852933150347665 -0.231499302279632 0.0178258343962135 0.972671739422978 72.905130288337
0.971506027662961 -0.0333428035075276 0.234657826779319 15.9681682863886 0.0367785743105241 0.999270569927256 -0.0102793262883713 -0.875553130928493 -0.234143918747038 0.0186168077692163 0.972023682727054 74.6914966459773
0.970536935380804 -0.0336777327775231 0.238587232216234 16.4488580514467 0.0373706442781022 0.999241254177719 -0.01097045557756 -0.908512094582165 -0.238036745079152 0.0195633909204262 0.971059103107436 76.6665931956341
0.969448533433457 -0.0318197660273079 0.243222210157062 16.9022415962175 0.0353614926075656 0.999322445858816 -0.0102085279701823 -0.938676946230332 -0.242732580969848 0.0184973428556724 0.969916873986114 78.5274683484406
0.968298013415168 -0.0306366354755173 0.247911987977547 17.3687949455208 0.0340416736916385 0.99937565182098 -0.00945891112456599 -0.971046531054234 -0.247467415367178 0.0175983838499649 0.968736380661611 80.3778061008431
0.967151614165606 -0.0289241680839897 0.252549297598534 17.8669038845646 0.03258582191775 0.999415584216845 -0.0103273537001245 -1.0062328612453 -0.252102993688707 0.0182176432381332 0.967528913287887 82.3450865563633
0.965915194493437 -0.0289938252478807 0.257229848859345 18.3594297401076 0.033171200360419 0.99937866546535 -0.0119144651304758 -1.04282718041074 -0.256724577150991 0.0200409857589825 0.966276798012067 84.2323013316598
0.964732499755258 -0.0282413654871039 0.261712875478823 18.8712705594275 0.0329173823526231 0.999366904851923 -0.0134994602017302 -1.08253563734329 -0.261165943137733 0.0216382707745027 0.965051364116371 86.1325544708502
0.963460822799309 -0.0267477301362441 0.266510416050549 19.3834807285535 0.0315845685980917 0.999404728036337 -0.0138782061192489 -1.12394007755167 -0.265980559359798 0.0217887244044845 0.96373211710074 88.0394180187641
0.962139715226337 -0.0250116152082479 0.271406682837503 19.9113943378951 0.0298501457949865 0.999460310820578 -0.0137133471644147 -1.16834885675252 -0.27091721462506 0.021295684988003 0.962367059193472 89.9567921316722
0.960665651539197 -0.0231645420998029 0.276739787421462 20.4572472280392 0.0279337141454219 0.999521252467827 -0.0133031379451628 -1.20612638524176 -0.27629913783219 0.0205102377961016 0.960852806926605 91.9014251761514
0.959120643695898 -0.0225466036366527 0.282097928919758 21.0211054863433 0.0272209543336776 0.999549253443295 -0.0126613421924532 -1.25211922932815 -0.281685303985723 0.0198227295144296 0.959302063436261 93.8758830366644
0.957510232106425 -0.0227507922334234 0.287500533676464 21.5998525285745 0.027419955133775 0.999549260760614 -0.0122238035558113 -1.29351364904105 -0.287092844689591 0.0195876687142933 0.957702470375 95.8536618233225
0.955828789887386 -0.0228258674556733 0.293036353030322 22.1676997047115 0.0280784997065347 0.999511416834844 -0.013730457786682 -1.33077649096009 -0.292579770791909 0.02135198800341 0.956002704144531 97.745652065605
0.954150191023232 -0.0222618223178413 0.298499286828996 22.7751007487997 0.0278741596499851 0.999505436865342 -0.0145572284597186 -1.37996468628521 -0.298027589652599 0.0222101990920874 0.954298833103212 99.733378616092
0.95229525827434 -0.0227057318382876 0.304332368981507 23.3879913678292 0.0283815087182742 0.999495747723433 -0.0142386883402162 -1.42494490149917 -0.303855608852433 0.0221968471739357 0.952459484148514 101.681873056873
0.950634035236137 -0.0223125740450386 0.309511033874633 24.0072079786801 0.0280429378164263 0.999507594755432 -0.0140769906171137 -1.4686422107511 -0.309044535122826 0.0220616650707722 0.950791648177992 103.641819902632
0.948879445825871 -0.0211188723969011 0.31493140605197 24.6427488998694 0.0272405643044461 0.99951562394656 -0.0150488917563474 -1.51615846115556 -0.314461045195686 0.0228584932881048 0.948995121346277 105.575968160462
0.947166230793682 -0.0202056855098511 0.320106016059003 25.2720666198469 0.0265595037091299 0.999527132642742 -0.0154952855314992 -1.5643720816832 -0.319641555506812 0.0231784681127759 0.947254999780487 107.484290657794
0.94564944519117 -0.0215036832021059 0.324476067558728 25.8955552402327 0.0276998816510403 0.999511279095463 -0.0144885995689526 -1.60207411009448 -0.324005931066317 0.0226890848139488 0.945782936018701 109.38963974925
0.944207074753039 -0.0237821300210471 0.328492633521623 26.6107598674049 0.0299842503628135 0.999454726048139 -0.0138273392313653 -1.64682055627019 -0.32798467146574 0.0229054768931176 0.944405312570725 111.472632891606
0.943038952579863 -0.0245843756347636 0.331772727016135 27.2754363165799 0.0310863174114548 0.999414348744032 -0.014303859421021 -1.68570523199629 -0.331226772448829 0.0238026889067368 0.943250898337203 113.385522394324
0.941894534852488 -0.0249222689962404 0.33498293348034 27.9893900930969 0.0316696386983908 0.999390367996913 -0.0146944322689958 -1.73259285621069 -0.334412498569848 0.0244493939203766 0.942109605055164 115.423621840156
0.940822838024159 -0.0240139815245151 0.338046914116232 28.6612785382492 0.0307517088768687 0.9994205755786 -0.0145892258633896 -1.77822586357896 -0.337500696078273 0.0241213971709958 0.941016173264413 117.326879914492
0.939355597991354 -0.0224976027938971 0.342205959022975 29.3889023975444 0.0295577998968376 0.99944397330441 -0.0154298636012101 -1.8241653257359 -0.341668548431904 0.0246089840103463 0.939498270843759 119.380712639895
0.937788342006415 -0.0210651274422945 0.346567866373526 30.1048618463405 0.0284879867665564 0.999460620354067 -0.0163371653432351 -1.87329010559939 -0.346036790250469 0.0251938239912798 0.937882621134356 121.367781665621
0.936172096216419 -0.0202704118053733 0.350957143638646 30.8343201542948 0.0276595390189119 0.999488488762587 -0.0160533713699462 -1.92465273225507 -0.350452216667291 0.0247360311351822 0.936253903915312 123.362673182475
0.934540166905945 -0.0203995752356406 0.355272478204567 31.5676106207083 0.028081951823466 0.999469763298996 -0.0164801769660569 -1.97392559946746 -0.35474791108785 0.0253781319496423 0.934617499299876 125.323777127496
0.932881491252587 -0.0199202382098255 0.359632183470853 32.3159919860871 0.0279372182118575 0.999463271001992 -0.0171079442535326 -2.02337083955727 -0.359098364124556 0.0260068073331336 0.932937302746227 127.292255093259
0.931223663304921 -0.0192930568959293 0.363937174326247 33.0548521610699 0.027391246676488 0.999478469164257 -0.0171029027530609 -2.07369010956763 -0.363417402591662 0.0258953206715674 0.931266462330114 129.224919567964
0.92956376512272 -0.0193285191631231 0.368154335731406 33.8390002622738 0.027284715959392 0.999492876742134 -0.0164174790010097 -2.12639915343798 -0.367650310547791 0.0253060800736518 0.929619734873039 131.243680772005
0.927949194306375 -0.0198760066258797 0.372176352213246 34.5974631520628 0.0279005681986647 0.999479624371049 -0.0161876113524759 -2.17768753343786 -0.371660935639383 0.0254052126091307 0.928020864039135 133.165117768067
0.926369950168312 -0.0207477981127079 0.376042875612121 35.3926896168648 0.0291287379694746 0.999437575186463 -0.0166147503655128 -2.22926791912954 -0.375486660281647 0.0263450598571522 0.926453293896491 135.152512282265
0.924942539811749 -0.0205532826752246 0.379550866970243 36.1808721235442 0.0294145531285652 0.99941301334052 -0.0175616864186996 -2.28274976123972 -0.37896712536952 0.0274078699809787 0.925004176505311 137.098687539893
0.923537302974946 -0.019991795557552 0.382987177493122 36.9984341256462 0.0296107342946504 0.999376388485087 -0.019236386174007 -2.33748405516166 -0.382363772379517 0.0291060517571339 0.923553346224687 139.102590786645
0.922171999285119 -0.0203527533364472 0.386244183342755 37.7950900737015 0.0304475121426303 0.999335542185196 -0.0200355466544851 -2.39293857910106 -0.385579761837691 0.0302363945774857 0.922178945597949 141.018947999497
0.920826738576329 -0.0198241896643941 0.389467738108089 38.6600710881881 0.030313871914022 0.999323873370615 -0.0208054147070444 -2.45677771398772 -0.388791958111869 0.0309644572970682 0.920805091043613 143.097030316843
0.919364005192192 -0.0200454420937395 0.39289694095047 39.4980815892615 0.0306004627750054 0.999319000760595 -0.0206190784663419 -2.51812962795411 -0.392216059889095 0.0309792667781565 0.919351318808518 145.084071324262
0.91772741421128 -0.0196206378444412 0.396725879891463 40.3536569373049 0.0302947624723482 0.999327546150413 -0.0206563034383933 -2.58088609146067 -0.39605381019733 0.0309755722396255 0.917704687441775 147.091294395101
0.916098240546164 -0.0215813682091676 0.400372649183786 41.1670503487846 0.032584212167772 0.99925474931674 -0.0206933584839149 -2.6372076543326 -0.399627680204498 0.0320029766452829 0.916118729587062 148.966231638711
0.914659165986688 -0.0236106383645186 0.403535807373467 42.0782343827915 0.0346524049139899 0.999197658136766 -0.0200811057384612 -2.70463275109207 -0.402737905976347 0.0323508536212306 0.914743462048112 151.058784553645
0.913523587246464 -0.0246759673109526 0.406036638964541 42.9391726281935 0.0355718210326416 0.999180578351057 -0.0193084798590878 -2.76322194998223 -0.405227468334483 0.032082214439092 0.913652795335247 153.005372448485
0.912315469606259 -0.0244861797680216 0.408755319130504 43.7960815679707 0.0352009164695049 0.999205108336184 -0.0187095418057669 -2.82144209418179 -0.407972277730753 0.0314575662638248 0.91245221361337 154.936518634642
0.911138591386974 -0.0232927777473861 0.411441264082945 44.7101617104284 0.0343085031743011 0.999222832028253 -0.0194076934069275 -2.88436118984783 -0.410669446021128 0.0317990323476864 0.91122962399521 156.990268302011
0.909894128718666 -0.0216641339512347 0.414274474018666 45.6057301580019 0.0335797482230337 0.999204748192471 -0.0215005046196416 -2.94694900688599 -0.413479231682291 0.033474415450677 0.909898009931695 158.988836520107
0.908478941695591 -0.0203970591009417 0.417432596326271 46.5065772999842 0.033215005711137 0.999172742485287 -0.0234647409966241 -3.01293067575908 -0.416608660365178 0.0351822491387661 0.908404884098643 160.974137396263
0.90707802372661 -0.0190377188023374 0.420531834865126 47.4406256647003 0.0324033304610982 0.999170604186793 -0.0246602494721226 -3.08386217939883 -0.419713572626923 0.0359954023703248 0.906942582505057 163.029128656006
0.905643715888116 -0.0169276573157976 0.423701444758174 48.3572809125532 0.0308299560143518 0.999186989290101 -0.0259783418550309 -3.15504602083825 -0.422917218477231 0.0365898189553138 0.905429296778218 165.014791707195
0.903908981463007 -0.0175698475947392 0.427363842277289 49.3020381890677 0.0317080810562493 0.999159268765223 -0.0259875592596782 -3.22986221714656 -0.42654794669092 0.0370412755725637 0.903706143100575 167.037203920703
0.902321298664529 -0.0175429384085927 0.430706999349152 50.2386858464572 0.031444305292247 0.999188342768025 -0.025177596016614 -3.30317760320779 -0.429915723882072 0.0362615635140044 0.902140548567946 169.020389370954
0.900593786117998 -0.0176071278301443 0.434304986680124 51.1795693266409 0.0313377305047612 0.999209162035228 -0.0244744183111383 -3.37301666496421 -0.433530597596595 0.0356516416793193 0.900433329788002 171.004889320491
0.898753895976859 -0.0177451814225273 0.438094217038639 52.1787066678628 0.0315009896075653 0.999211896366585 -0.0241510623625058 -3.44947825429689 -0.437320388411243 0.0355062627683508 0.898604575541469 173.089570786485
0.897039521463058 -0.0166561861116653 0.441636353120463 53.1655245537502 0.0306107612665754 0.999231314848287 -0.0244900126836285 -3.5233520421607 -0.440888963604227 0.0354873342303578 0.896859839039085 175.136100126878
0.895290977760722 -0.0156103930887538 0.445208244272121 54.1566629102575 0.0299870030303676 0.999230904461384 -0.025266167468415 -3.600143730369 -0.444471421791668 0.0359710327471962 0.895070522368821 177.164930417155
0.893733274556246 -0.0153996076073239 0.448334346260145 55.1567315670839 0.0301765646664091 0.999210673672604 -0.0258341743370241 -3.67817487662669 -0.447582628009516 0.036618051617777 0.893492534607768 179.195264702278
0.892328318695125 -0.0160113196040867 0.451102881058487 56.1655777452724 0.0311228171091527 0.999174746568556 -0.0260997332333555 -3.7586656572554 -0.450312715687579 0.0373291235391065 0.892090239059861 181.217240457185
0.891081822070901 -0.0173579624312003 0.453510625581188 57.1822670102485 0.0323839556398662 0.999153018854688 -0.0253874837406076 -3.83953742993996 -0.45268583564313 0.0373087932504051 0.890889212054047 183.2335556701
0.889708932850153 -0.0189031526481262 0.456136696206964 58.1965102534636 0.0336234486030919 0.999142093286285 -0.0241772853632368 -3.91648204892018 -0.455288346557078 0.0368476355206381 0.889581234764909 185.234494443022
0.888388508433467 -0.019868769441483 0.458662283258871 59.2288765438739 0.0349515704718813 0.999090647398005 -0.0244185585853102 -3.99301086358749 -0.457760030807528 0.0377241339558154 0.888275094727064 187.248850020099
0.887130322153797 -0.0193967987767368 0.461111218376342 60.26453612073 0.0349589469872098 0.999070197624862 -0.0252311760202313 -4.07099352577807 -0.460193072026128 0.0385033039495732 0.88698355793336 189.263041962999
0.885816691345589 -0.0187288852392486 0.463657220574908 61.2978893715151 0.0345032638108184 0.999077631801771 -0.0255618939002216 -4.15051502670041 -0.462750812122416 0.0386408396785081 0.885645849868323 191.259584736902
0.884420329024808 -0.0179270500363924 0.466346762060854 62.336273294942 0.0344440817165237 0.999044055695939 -0.0269180239489381 -4.23232792446916 -0.465418399767731 0.0398697335782778 0.88419235322527 193.252534974819
0.882990016714967 -0.0171736175352807 0.469077495988088 63.4162945959286 0.0343871730291786 0.999011920705642 -0.0281550105502512 -4.32137528863781 -0.468130486843961 0.0409908422550126 0.882708104720049 195.31740445937
0.881757658221851 -0.0148672443365075 0.471468341686858 64.4386872435049 0.0322831499161046 0.999061638950204 -0.0288728212966342 -4.40636606517905 -0.470596674869905 0.0406793144481523 0.881410212657771 197.251478598367
0.880172006151083 -0.0153121552492084 0.47440781769444 65.4812175374605 0.0332506267042646 0.999013189152706 -0.0294456061699171 -4.4952245911296 -0.473488791220817 0.0416915555066533 0.879812581626158 199.206721531278
0.878772352680812 -0.0171931302881797 0.476931387554566 66.5239679332526 0.0348529502888211 0.998994362217866 -0.0282052497433226 -4.58392571137059 -0.475966830798108 0.0414084596165072 0.878487857316305 201.144507206206
0.877416421991455 -0.0181053700094945 0.479387753281758 67.610221031033 0.0353248167948261 0.999013138803618 -0.0269240750287752 -4.67241696367545 -0.478427193769464 0.0405579101355388 0.877190102650111 203.157854457277
0.875891464307833 -0.0172597816688059 0.482199380639819 68.8305382200585 0.0344051255542177 0.999050303431544 -0.0267353426934935 -4.76815642934385 -0.481279991364984 0.0400073886936547 0.875653458145193 205.42073209989
0.874248291487152 -0.0156685011407694 0.485226156450574 69.8084645916311 0.0331597470151369 0.999072103698202 -0.0274838641741314 -4.84403031499652 -0.484345285937303 0.0401176978907276 0.873956643264562 207.197412006663
0.872451892460211 -0.0143452474831655 0.488489415665521 70.9079691399401 0.031683859221632 0.999126482434036 -0.0272471129445484 -4.92993175279359 -0.487671845001759 0.0392490251297521 0.872144303208445 209.199330204648
0.870593102700975 -0.0137811251660104 0.491810664909422 71.997886477209 0.0309488861554052 0.999161950645161 -0.0267873632277652 -5.01433923607418 -0.491029343293482 0.038541885943934 0.870290013186786 211.158463101075
0.868678507673542 -0.0131070755886651 0.495202842152165 73.1185916278579 0.0305612307018201 0.999163710062139 -0.02716416155252 -5.10136813596803 -0.494432666279301 0.0387309316228554 0.86835260893923 213.15990696968
0.866684863027899 -0.0126155225093578 0.498696497671809 74.2416372558238 0.0300537651400762 0.999184792115316 -0.0269540795869131 -5.18841355108355 -0.497949916557094 0.0383484001920339 0.866357478644638 215.143176042532
0.864515749064781 -0.0118871871085607 0.502465137498719 75.4098347603132 0.0291890547371257 0.999220396965478 -0.0265818993246556 -5.27891781026165 -0.50175743014181 0.0376469530081668 0.8641887457186 217.19439767136
0.862383244591726 -0.0110340358758456 0.506135742167788 76.5790280972059 0.0284752199828327 0.99923694151835 -0.026733809155863 -5.36673255068538 -0.505454549187537 0.0374671156795312 0.862039392341371 219.23065186228
0.860174798622136 -0.0107175542407849 0.509886702951219 77.7459547910994 0.0286890578515442 0.999212908700549 -0.0273952741504549 -5.4551283280352 -0.509191765226972 0.0381928935442664 0.859805239055774 221.240901606605
0.858233999098758 -0.0109957346299326 0.513140815576875 78.9396813987996 0.0292572777140109 0.999192946269363 -0.0275221333896103 -5.54545832950459 -0.51242405729212 0.0386335339504214 0.857863063409763 223.269362486792
0.856079892146664 -0.0107722657989776 0.516731242089843 80.1732628707473 0.0290697666313983 0.999203688061111 -0.0273301744061524 -5.63974166298368 -0.516025354929535 0.0384180693766728 0.855711332760772 225.36204161138
0.854002908974051 -0.00919176914576056 0.520187026793085 81.3740645171142 0.0278917701086688 0.999214946909118 -0.028134303503263 -5.7298641300115 -0.519520048336986 0.0385357139985701 0.853588846062644 227.370523375364
0.851839697582783 -0.00969015807553868 0.523712927526659 82.5504599996609 0.0286250635564004 0.999195964827737 -0.0280718650673417 -5.8159132158749 -0.523019823102782 0.0389040448853082 0.851432169895581 229.310439074417
0.849838012351188 -0.0101313574298063 0.526946589665036 83.7673412469436 0.029491822070131 0.999162825987519 -0.0283527705104559 -5.90339758543056 -0.526218191622036 0.0396358771981187 0.849425342243078 231.300390787878
0.84771039527967 -0.0108912358624963 0.530347496191105 84.8958709577176 0.0308873145650239 0.999106346398772 -0.0288527708315684 -5.98585607570485 -0.529559306908818 0.04083980371017 0.847289236860216 233.119398628828
0.845668349657695 -0.0121580866949573 0.533570260898364 86.1108143323893 0.0332009760214536 0.999002616167762 -0.029857462738661 -6.07594366415328 -0.532675076926313 0.0429645646770169 0.845228554063137 235.065075546411
0.843938312667299 -0.0131573488177566 0.536278853381671 87.3585216323009 0.0346008251429617 0.9989525737858 -0.0299422481813277 -6.16954060027472 -0.535323180248808 0.0438251012413424 0.843509604681232 237.052830626876
0.842160004442196 -0.0138980679739329 0.539048579095161 88.6030670639283 0.0364729258810563 0.998846569298589 -0.0312290998607696 -6.2624516871515 -0.537992799761851 0.0459605777490981 0.841695534440675 239.021322160465
0.840546032424388 -0.0144618737577109 0.541547063128437 89.8723689291949 0.0384125501013226 0.998718553573945 -0.0329503678565193 -6.35626187351481 -0.54037657551964 0.0484985046633666 0.840024435165481 241.017547990851
0.838731082500042 -0.0151933855847502 0.544333842676331 91.1499670194246 0.0395056359391792 0.998674374163913 -0.0329969561832278 -6.44950968324418 -0.543110924192608 0.0491798273969107 0.838219463267146 243.012971491846
0.836699563137334 -0.0148208332821038 0.547461582165012 92.4749446811859 0.0398282546606185 0.998633496769191 -0.0338356211887361 -6.54563875114387 -0.546212002043605 0.0501146887784691 0.836146498403333 245.074085692199
0.834652288921173 -0.0138932099387598 0.550601975401692 93.688852636128 0.0390633706915388 0.998657550681572 -0.0340169007538667 -6.63450458868742 -0.549390216211449 0.049900653144829 0.834074526134719 246.924159152798
0.832465838699941 -0.014236526773973 0.553893445260925 94.936610095477 0.040221990961711 0.998585105037669 -0.0347847587311428 -6.72601042605573 -0.552614530066555 0.0512358205001318 0.831860608429681 248.819436111581
0.830448668828465 -0.0131505922685402 0.556939916296199 96.2413322818268 0.0395612154883286 0.998589508975717 -0.0354104898684413 -6.8228337497005 -0.555688688628909 0.0514398142164565 0.829797581849489 250.796799522448
0.828706024537897 -0.0114414750337374 0.559567169822933 97.5819601825003 0.0380003526811791 0.998634135595332 -0.0358585613190197 -6.92319043264264 -0.558392602109574 0.0509799555984139 0.828008904563521 252.821083608012
0.826926933801312 -0.0127602946287971 0.562164585361749 99.0043711997406 0.0395800577002508 0.998583638057661 -0.0355547020233829 -7.02964896322971 -0.560914668364454 0.0516516474520709 0.826260759160861 254.958593512377
0.825479908096073 -0.0144505546438889 0.564246491172238 100.307868147232 0.0411468728917068 0.998553022055841 -0.034623647906895 -7.1248635270633 -0.562929708028394 0.0517981043439901 0.824880052010858 256.875712069107
0.824044979557062 -0.0154606501984754 0.566313376111002 101.698010139825 0.042188260293882 0.998526629125232 -0.03412801812554 -7.22437412115695 -0.564951345126443 0.0520147981178617 0.82348311361957 258.929001818799
0.822716701381652 -0.0154270941520392 0.56824223182875 103.101569416917 0.0420800280567825 0.998541831575887 -0.0338154082012044 -7.32167047985962 -0.56689196546294 0.0517321501495715 0.822166214420459 260.988727036625
0.821167812881052 -0.0153768555900668 0.570479601213148 104.494660062647 0.0416508022979239 0.998585869118381 -0.033037443379103 -7.41813132877866 -0.569164856395833 0.0508902182079269 0.82064703249001 263.025480347193
0.819483746073199 -0.0167272389528232 0.572858262922734 105.932810720363 0.0429915986986302 0.998551780701365 -0.0323429080243 -7.51504750807677 -0.571487630980035 0.0511325799774228 0.819016084641614 265.116108829696
0.817944769879589 -0.0169448731889812 0.57504714997923 107.346133693013 0.0431249908258231 0.998559754497947 -0.0319163259676399 -7.60873219794381 -0.573678122811824 0.0509046949662732 0.817497476104662 267.153825469972
0.816596769881118 -0.0158429143621343 0.576991089605583 108.754580825753 0.0426366245023146 0.998548000685493 -0.0329242855359681 -7.70457153679407 -0.575631682302818 0.0514868176480098 0.816086560321703 269.159588668404
0.815051202376809 -0.0136342757809614 0.579228490345603 110.156052831631 0.042188098085013 0.998465875734554 -0.0358616699778402 -7.80254342060108 -0.577850933964883 0.0536656455990133 0.814376016713627 271.154324541669
0.812872046089261 -0.0122668579296914 0.582313112408772 111.629836972697 0.0406933898972252 0.998531178017604 -0.0357705821234095 -7.90812475361324 -0.581019005459658 0.0527732008059767 0.812177261791637 273.245961514738
0.809891189958994 -0.010897905674479 0.586478896533128 113.083964041168 0.0385739957759181 0.998652674359977 -0.0347114223785892 -8.00891117149813 -0.585310436671587 0.0507353096528988 0.809220378560587 275.286069416522
0.806546210271409 -0.00993971141189536 0.591087483232285 114.694898056576 0.0364968056036026 0.998788601355138 -0.0330047418378014 -8.1208566932948 -0.590043383047011 0.0481926544205163 0.805931929000423 277.562829269375
0.80326484871705 -0.00934354823486155 0.595548722542462 116.211979313324 0.0352746680492998 0.998868193223399 -0.03190658804437 -8.22038573293536 -0.59457655571809 0.046637224113408 0.802685298680254 279.652726568875
0.800196090302678 -0.00980635381076453 0.599658279763773 117.656741815734 0.0360420439092672 0.998845442488794 -0.0317608735743648 -8.3124500795705 -0.598654481429106 0.0470278369086058 0.799625658930819 281.599304302887
0.797222591286636 -0.0116497576908111 0.603573047019139 119.138255304319 0.0386481332121824 0.998747685001555 -0.0317707963899064 -8.40414615796289 -0.602447061360113 0.0486553681496798 0.796674458865592 283.56859764255
0.794378659327637 -0.0122760170932567 0.607298810314291 120.725143112585 0.0399296932143161 0.998688588688419 -0.0320425096293242 -8.50509965395799 -0.606109037389014 0.0497031410261042 0.793827079764543 285.69172614319
0.791687156877593 -0.013090510185781 0.610786447277729 122.268465487761 0.0407621094349926 0.998674390017864 -0.0314310858364311 -8.60326316709091 -0.609565333716973 0.0497805309887648 0.791171285288459 287.719156418201
0.78883751771844 -0.0142874346888223 0.614435708475526 123.818278355661 0.0411501043022537 0.998714216567837 -0.0296071366600238 -8.70153768103341 -0.613222667190086 0.0486393136804408 0.788411172935146 289.73203820825
0.785897401137401 -0.0137177458454936 0.618204738201186 125.430752183517 0.0396905552296628 0.998811358375896 -0.0282936424812834 -8.80331818234792 -0.61708178932054 0.0467727893995648 0.785507715723241 291.829200709188
0.783112418734028 -0.0130941373374497 0.621742296447594 127.040752679475 0.0391556339661473 0.998832787841437 -0.0282824726926594 -8.90464570635731 -0.620646256698007 0.0464930693791014 0.782711069646048 293.892848823823
0.780087141850569 -0.0133698261994336 0.625528016052685 128.634682423995 0.0393978154513658 0.998837264614612 -0.0277836454566303 -9.00233015325385 -0.624429229982927 0.0463181019105549 0.779706848872275 295.906653300096
0.776963063651212 -0.0145824308366979 0.629377271938395 130.272730028628 0.0406256901108298 0.998809292855822 -0.0270101797082337 -9.1014564568721 -0.628233993846833 0.0465547979884477 0.776630349496794 297.962681243607
0.773906492385978 -0.0155683839261385 0.633108495018635 131.870833403654 0.0411669718053035 0.998820135170349 -0.025760784356598 -9.19394673445749 -0.631960458790907 0.0459995978266566 0.773634290556314 299.941045518875
0.771106076063648 -0.0146345449826252 0.636538490235175 133.577964459243 0.0399053082265058 0.998881176514554 -0.0253763980944555 -9.29055930070538 -0.635454943983499 0.0449691594101139 0.770827340504264 302.051278991832
0.768535551759037 -0.0148912646696348 0.639633767025297 135.164620005707 0.0395841615394775 0.998920584852471 -0.0243055407924732 -9.37843874752738 -0.638581396407419 0.043999038563779 0.768295441069263 303.981026902609
0.766254473652957 -0.0155857811726285 0.642348164963572 136.853327075608 0.0397533946498498 0.998940532735499 -0.0231836078281614 -9.46886742981504 -0.641306283471979 0.0433000633181481 0.766062239831726 306.028366372789
0.764085640263188 -0.0131314515636465 0.644981161991128 138.494600830532 0.0372520218020979 0.999022646314461 -0.0237915746117573 -9.55373799277672 -0.644038369365716 0.04220565282853 0.763828031466552 307.998165047101
0.761759434325945 -0.00945358515347804 0.647791011008306 140.285541132951 0.0336674959092487 0.999120112229841 -0.025010019132969 -9.64766847910098 -0.646984593274537 0.0408611192403817 0.76140745005536 310.152189723517
0.759376917470661 -0.0058383842231693 0.650624784712678 141.968082248311 0.0303266907771063 0.999190557339755 -0.0264295658227753 -9.74111805758036 -0.649943835295994 0.0398012988824897 0.758939304271429 312.15104000155
0.757003070684945 -0.0051131580907284 0.653391311992976 143.719691564345 0.0280533361272743 0.999301665685774 -0.0246818007805058 -9.8390559605083 -0.65280882446984 0.0370140050788567 0.756617870607302 314.222230222394
0.754309569415461 -0.00637157894244969 0.656487986539009 145.409669249723 0.0287942333104777 0.999311758725803 -0.0233859145727457 -9.92645629272333 -0.655887159209817 0.0365432874016845 0.753973887166893 316.190790277343
0.752028885436934 -0.00567019945537155 0.659105761093482 147.095055972569 0.0284983597321818 0.999307616762392 -0.0239192511012246 -10.0148702039578 -0.658513780388123 0.0367714008273356 0.751669784626293 318.141314191984
0.749601556200019 -0.0042171393155534 0.661875911843378 148.8704404333 0.0266817472713615 0.999359407701231 -0.0238507568347626 -10.1099824977744 -0.661351337267157 0.0355385702446932 0.749233887861398 320.18686002623
0.746956513463219 -0.00442634986246176 0.664858161130452 150.634327144076 0.0245557566948927 0.999479258892904 -0.0209338447503893 -10.1969289604413 -0.664419281634732 0.0319627669294642 0.746676234871715 322.209401560428
0.744491272586748 -0.00341245642537494 0.667623471863676 152.382897670429 0.0221972387435263 0.99956060439411 -0.0196438472668639 -10.2838694854148 -0.667263087270926 0.0294440704459472 0.744239893502926 324.184769875534
0.741922350676091 -0.00256870534590257 0.670480892583905 154.120191976438 0.0211008912744509 0.999586781676817 -0.0195196896595776 -10.3597688580493 -0.670153697262567 0.0286298384527114 0.741669976738633 326.138200910755
0.739664646154193 -0.00206439501828071 0.672972473064687 155.881243153663 0.0209192816510243 0.999582579889391 -0.0199261044078871 -10.4405234218703 -0.67265042546987 0.0288167356735179 0.739399080916608 328.10630115987
0.7374706965638 -0.00233360052770172 0.675375100235626 157.665811784541 0.0207752821430154 0.999599187624737 -0.0192315301482929 -10.5266951177502 -0.675059522828604 0.0282137981942117 0.737223590391595 330.084569597123
0.735049319053155 -0.00253572245936371 0.678008900141511 159.454838787329 0.0205039968255917 0.999618771924537 -0.0184904551122146 -10.6095379526725 -0.677703537451052 0.0274932887754407 0.734821090061139 332.058695063267
0.73270833711163 0.000101184706173035 0.680542785200729 161.217448492256 0.0174978399680053 0.999666590229019 -0.0189877322590298 -10.6919917752029 -0.680317806854682 0.0258204984758576 0.732462274478962 333.990075251595
0.73016581061883 0.00961751266128619 0.683202307119609 162.992202999988 0.00757757495136234 0.999725460292865 -0.0221717026877828 -10.7779268606758 -0.68322797758962 0.0213660359549671 0.729892473687987 335.936506988319
