0.999999999253124 -4.73668112146206e-06 -3.83577271609065e-05 0.000401179160705587 4.73691605685169e-06 0.999999999970024 6.12476314734882e-06 5.10332879696194e-05 3.83576981487067e-05 -6.12494484010807e-06 0.999999999245586 0.000707200976627785
0.99984994364239 -0.000642109999941842 0.0173112071519732 0.052208305687773 0.000699824880359563 0.999994216951805 -0.00332810878481793 0.000769566616216471 -0.0173089700284963 0.00333972419440996 0.999844610826531 0.467165260880081
0.998189625596902 -0.00518217883919662 0.0599217520871523 0.0352663174673027 0.0057500994211499 0.999940136188153 -0.00930915660332569 0.0124426139760967 -0.0598699232282993 0.00963685957648722 0.998159668204512 1.40005340940972
0.994410834088928 -0.00452678338587442 0.105482706064736 0.1387829816472 0.00595600679915029 0.999894631199836 -0.0132382959912398 -0.0124474178770086 -0.105411664580209 0.0137925606730792 0.994333015765095 2.4285215258127
0.988377159364578 -0.00227300595069132 0.152004685093441 0.285561256970566 0.00471664486774273 0.999865348641103 -0.0157174377045756 -0.0422638772410726 -0.151948491626603 0.0162517085487569 0.988254793998818 3.46891891283066
0.980163120420499 -0.00491254651469764 0.198131583182216 0.487713462976629 0.0081904490278975 0.999842761834372 -0.0157279417641763 -0.0736384999501369 -0.198023165090027 0.0170387351102375 0.980049237331253 4.47398496032111
0.969858920049858 -0.00557418237827257 0.243603373725689 0.739344457261286 0.00998384090807376 0.999807829513301 -0.0168708910441852 -0.109942530601983 -0.243462518923235 0.0187944814963396 0.969728193539219 5.50177880969875
0.957620711900946 -0.00829960419964308 0.287912640758363 1.03336210193019 0.0145301112704445 0.99970407330054 -0.0195100408194717 -0.144883201163503 -0.28766551410413 0.0228666218851455 0.95745792053686 6.46739797525538
0.943740052677703 -0.010061090171373 0.330535153102434 1.38176791633709 0.0180881368371715 0.999611230676433 -0.021218077464903 -0.181421122923451 -0.330193174183909 0.0260031146232594 0.943555141871552 7.47097874042977
0.927552244053961 -0.0100590305466654 0.373558095153783 1.75767664370603 0.0196691086442791 0.999566163228568 -0.0219228532280677 -0.21844852403937 -0.373175509265548 0.0276821464662895 0.927347689947744 8.40261151604108
0.909302388465837 -0.0104828251005395 0.416003938332601 2.19581903377107 0.0208290928962787 0.999576124749837 -0.0203401012587779 -0.257518125718063 -0.415614382835149 0.0271602873329913 0.909135305426287 9.37572540458807
0.88850752356533 -0.0100988219209165 0.458750906662445 2.65626088420966 0.0214201687504786 0.999580725780446 -0.0194820178353965 -0.295820738357287 -0.458361818805304 0.0271364412561283 0.888351313736546 10.2600767860639
0.865857579249383 -0.0103024214983284 0.50018447853534 3.18194849309146 0.0223762013113381 0.999584923987783 -0.018146221403178 -0.336683827953382 -0.499789913935119 0.0269042719211925 0.865728711595681 11.1856316997678
0.841294831464208 -0.0105280019992197 0.540474021323425 3.73003247530824 0.0240999579833336 0.999546712760531 -0.0180433099739887 -0.374169833467187 -0.540039071342816 0.0282051446286011 0.841167207658304 12.0299826046903
0.815235722047348 -0.0123952648219369 0.578996610445979 4.34391937939396 0.0276457741690097 0.999464079994248 -0.017528946683938 -0.412923347840012 -0.578469038642981 0.0302970330436213 0.815141497606532 12.8979275395906
0.787567451898041 -0.0111813808268747 0.616127004304819 4.97740378693876 0.0282961406050653 0.999436928231022 -0.0180320524344207 -0.446379838726713 -0.615578457337231 0.0316354739326554 0.787440384823747 13.7002518108327
0.7580734018567 -0.0146138806282741 0.652005484555454 5.66927460927345 0.0334836097660357 0.999302517256183 -0.0165326005967798 -0.484971155708087 -0.651309116529506 0.0343644219861088 0.758033984216483 14.5016472741672
0.726941334695253 -0.013477030763341 0.686567305916389 6.37850716152426 0.0336155587840668 0.999307135039877 -0.015976359598739 -0.517535962762942 -0.685876293597555 0.0346932198015294 0.726890700436237 15.2351478539527
0.693816177441875 -0.012395823411428 0.720045453761009 7.14314362554511 0.0350581085779503 0.999247755698041 -0.0165786536053309 -0.555216080600392 -0.719298297608775 0.0367459697705966 0.693728832298858 15.9907618441771
0.659292304618591 -0.0136611777924501 0.751762614986958 7.89295741763445 0.0396770829536773 0.999073970206337 -0.0166412482835319 -0.582293356038502 -0.750839121356229 0.0407991945688908 0.659223815986298 16.5958807283015
0.623326339382705 -0.0118923181501539 0.781871375227903 8.75899996877872 0.0397891850531652 0.999071442571641 -0.0165249323939621 -0.621056183177939 -0.780948843000975 0.0414104504543908 0.623220730727567 17.3399200098859
0.586374831155909 -0.0104090806975918 0.809972967713065 9.59709566941651 0.0424212267685167 0.998939934801393 -0.0178730573333766 -0.655017017052158 -0.808928301462085 0.044840357915823 0.586194801576786 17.9365568947494
0.548353369144538 -0.00909539933265502 0.836197259179204 10.5032198931762 0.0473578927087245 0.998673852421797 -0.0201932287462075 -0.689626178355434 -0.834904672729781 0.0506735651004274 0.548056910597786 18.5378506288944
0.510056368721216 -0.00801393759004382 0.860103643482127 11.3231540381089 0.048943333298113 0.998606869081234 -0.0197198161615439 -0.709459319811047 -0.858747373127043 0.0521545571170741 0.509738022242137 18.9631752225379
0.472382745887391 -0.00978414678488009 0.881339214978875 12.3520876116582 0.0539479798486813 0.998384518533695 -0.0178316746966591 -0.751843948840919 -0.879740960088897 0.0559698456665115 0.472147455269995 19.5736189956969
0.435571088862655 -0.0102401152792747 0.900096087418487 13.3190327878933 0.0576398234010496 0.998200476230445 -0.0165366263672017 -0.782473113625094 -0.898307006153964 0.0590842558756542 0.435377506771219 20.041428509043
0.400905636817203 -0.00798934253304263 0.916084516174181 14.2957092704653 0.0593475334138096 0.99808802017784 -0.0172677229296808 -0.814144864954741 -0.914195023310612 0.0612900838910275 0.400613261101952 20.4522345160701
0.367754848312721 -0.00871227002271486 0.929881964495246 15.2051324427962 0.0599431717880446 0.998098563750191 -0.0143552497642709 -0.828834452689418 -0.927988786407722 0.0610192870398936 0.367577827011732 20.737253447943
0.334726744932469 -0.0101200579419798 0.942260893093927 16.3836060919314 0.0622185716818109 0.997997625473151 -0.0113837115137329 -0.868340323750244 -0.940258930063836 0.0624365596201737 0.334686152175449 21.2369648258849
0.302114296512336 -0.0101333272912568 0.953217848931117 17.4206190492864 0.0628733956488637 0.997978010985088 -0.0093180314352787 -0.887619031955519 -0.951196030249516 0.0627471534673539 0.302140541419563 21.5607371366479
0.270021440691957 -0.00689170351007288 0.962829645362756 18.5473723275588 0.0601233171673643 0.998143661750243 -0.00971685343147612 -0.914827055347102 -0.960975342191168 0.0605122709088456 0.269934541639306 21.8923305902727
0.239021651188633 -0.00540652399304996 0.970999186282549 19.3792067600999 0.0601914023358408 0.998143909723434 -0.00925908023842506 -0.916744120953935 -0.969146864694874 0.0606589233363833 0.238903431686877 21.9579156253526
0.208985202914943 -0.00500014255504056 0.977906019787704 20.7921253000212 0.0620449147728392 0.998040030655378 -0.00815633252412104 -0.954697400102924 -0.975948571141652 0.0623786484611697 0.208885831742429 22.4094757145131
0.178442149477625 -0.00537772346633054 0.983935708966864 21.7838017252058 0.0639423358438054 0.997934693654801 -0.00614205885159063 -0.96389986760624 -0.981870550009849 0.0640111497351679 0.178417475974017 22.5300048895063
0.148231155306499 -0.00581940071242667 0.988935619326076 23.118302916953 0.0626460652537282 0.998029609112672 -0.00351707870735156 -0.990923577067236 -0.986966562303266 0.062474265980132 0.148303644545633 22.7986738725538
0.11852149516379 -0.00620544074595991 0.992932096212671 23.8851180739465 0.0632702637420426 0.997995563130882 -0.00131517948846214 -0.981727788791906 -0.990933665242105 0.0629789526446961 0.118676546181733 22.7027265032308
0.0917606354939104 -0.00583376557949568 0.995764004648148 25.5203439073158 0.0660411435290289 0.997816871865086 -0.000239964063900963 -1.01141966239583 -0.99358872433977 0.0657834128070082 0.0919455788188364 23.0488064481295
0.0665385767541857 -0.00550926039639672 0.997768643450681 26.4846966572703 0.070110089834792 0.997538912619943 0.000832533710995063 -1.00975417723895 -0.99531763427907 0.0698982536184363 0.0667610742439637 23.0252899439938
0.0440141165989822 -0.00507827837067167 0.999018002154517 27.9540742844102 0.0745210325264727 0.997217842890372 0.0017859261633459 -1.02464856272062 -0.996247646547383 0.0743692470706978 0.0442701009592017 23.1656192352178
0.0232780396671076 -0.00536551952832456 0.999714631317081 28.6866543354133 0.0803612457845597 0.996759735539687 0.00347847420661754 -1.00877292619141 -0.996493955348055 0.0802573411411298 0.023633792496046 22.9499993142247
0.00605032034830255 -0.00611874143635742 0.999962976628094 30.4111869364728 0.0847185864644185 0.996389269773149 0.00558428047303053 -1.03061967529328 -0.996386548850974 0.0846816632109079 0.00654684539916828 23.1491611201104
-0.00992651187998339 -0.00617636973135988 0.999931656073973 31.3042106101002 0.0876672942817372 0.996125052851697 0.0070231470526988 -1.01938775513764 -0.996100351307646 0.0877310181073153 -0.00934658154824963 22.9830992554037
-0.0238389741782272 -0.00681474099720369 0.999692584055354 32.9724331260741 0.0901692133157566 0.995886342562342 0.00893899702533494 -1.03308879588392 -0.995641108171086 0.0903545903811333 -0.0231264289701245 23.0897058097706
-0.0377817234153628 -0.00780914371642728 0.999255502186594 33.7595065069609 0.0902950196910808 0.995852120447486 0.0111965896251299 -1.016773044424 -0.995198146498853 0.0906508216987712 -0.0369198825917043 22.8336090926761
-0.0495986386493916 -0.00773250056662608 0.998739297053598 35.4790361731763 0.0899486159966698 0.995871960036712 0.0121772613063106 -1.02865277100062 -0.994710622002405 0.0904391930947289 -0.0486983657627607 22.9293792269707
-0.0610258189048065 -0.00484870121731684 0.998124410844411 36.4353574164342 0.0902620450111523 0.995864201820799 0.010356387508581 -1.0125807451135 -0.994046584752145 0.0907247575269747 -0.0603357747465727 22.7487707685958
-0.071094343685 -0.0014673984524913 0.997468516314064 37.8913953792346 0.0905683889718953 0.995858743102559 0.00792027178991766 -1.01451153765278 -0.993349365135467 0.0909022030974625 -0.0706670238300233 22.6854928810866
-0.080868942703946 0.00126958761758784 0.996723934825099 38.9326510738488 0.0918777162946423 0.995751081890005 0.0061861266852346 -1.00035975858028 -0.992481082617914 0.0920769844324075 -0.080641983999695 22.4689514993233
-0.0880844996479293 0.00217157500444854 0.9961106390275 40.5520763124763 0.0914392970724956 0.995793085087799 0.00591495073615723 -1.00183804458918 -0.991907241566802 0.0916046721151456 -0.0879125029447736 22.434442340681
-0.0939272688399144 0.00307142668704244 0.995574323948936 41.8519928338591 0.0912874621401708 0.995809170379565 0.00554034691771623 -0.990950344386061 -0.991385024813408 0.0914038430596213 -0.0938140184069032 22.2887165377235
-0.0990721518177442 0.00455798567513567 0.995069813380341 43.3503761814551 0.0921773159734189 0.995731907174269 0.00461643315004177 -0.994047411764234 -0.990801721412583 0.0921802245694681 -0.0990694455631205 22.1630020888351
-0.104075417052691 0.00650273196228233 0.994548149685241 44.5480281362869 0.0913507540540855 0.995814112438402 0.0030484754003828 -0.984888361543088 -0.990365259537641 0.0911699947655119 -0.104233798527148 21.9362681997463
-0.107738036717784 0.00729745461775301 0.994152534875961 46.2077493150427 0.0917738075471084 0.995776389609778 0.00263631258050444 -0.988146933729594 -0.989934383528779 0.0915211945497744 -0.107952708422154 21.8521295946997
-0.110691532970355 0.00634497230050655 0.993834556581315 47.6306187299078 0.0915409083514043 0.99579391966987 0.00383818273608741 -0.982762103601166 -0.98963005543833 0.0914013723913466 -0.110806780018669 21.6806327356105
-0.113040418782172 0.00438852208761514 0.993580698582374 49.1283352157393 0.0921449621866775 0.995727007698741 0.00608539915917793 -0.982973110418727 -0.98930842999803 0.0922413519696956 -0.112961778144804 21.5179168698376
-0.115885244778807 0.00336102591771522 0.993256922224727 50.3721575984311 0.0918567147775927 0.995745125955603 0.00734765853376227 -0.972408562371909 -0.989006043456168 0.0920888030134024 -0.115700900457752 21.2501368293146
-0.117341364163093 0.00406000991899402 0.993083340196483 52.1725972429573 0.0946559921969755 0.99548461850415 0.00711459505893378 -0.971231210914694 -0.988570304731814 0.0948361251902679 -0.117195827405865 21.1600389143029
-0.118521994260593 0.00393074626143727 0.992943646996304 53.6412007470999 0.0943385422883987 0.995513265080633 0.00731973274084349 -0.958816301087893 -0.988459800050256 0.0945404055540569 -0.118361038362641 20.9583120243998
-0.119020603949961 0.00519971937200036 0.992878169139517 55.3118512384241 0.096316218473466 0.995330636339265 0.00633327904371113 -0.955512787447201 -0.988209128623268 0.0963840613531428 -0.118965670774033 20.7766182971043
-0.119642773429023 0.00566314584175248 0.992800853920557 56.5326513463397 0.0959164571398755 0.995372013751089 0.00588111306106577 -0.945693830815915 -0.988172879619728 0.0959295732309784 -0.119632257204219 20.5097649263593
-0.11861023536146 0.00692063216323524 0.99291677240238 58.4680176212787 0.0957885002574331 0.995391516543302 0.0045046655876629 -0.947283168627951 -0.988309756749336 0.0956443079544524 -0.118726539029751 20.3966201747915
-0.117592489973305 0.00685715319178486 0.993038259963826 60.0090864944252 0.0962289915323222 0.995348950094587 0.00452202767292027 -0.943487119573853 -0.988388581222259 0.0960908268031178 -0.117705418370365 20.169220806721
-0.116130960958117 0.00567765888408957 0.993217682130428 61.7004676289047 0.0952734293831148 0.995436224785299 0.00544940719463435 -0.944198873296029 -0.988653920014747 0.0952600995946792 -0.116141895389592 20.0027957424044
-0.115393740262018 0.00664981458907129 0.993297571060291 63.0018670154266 0.0962210420473803 0.995349751990112 0.00451467391283047 -0.939460271422633 -0.98864846926279 0.0960970924594178 -0.115496982840193 19.7444867769107
-0.113931685209709 0.00718305764297584 0.993462618717068 64.9781140754102 0.0961689354008081 0.995357650002312 0.00383202893392243 -0.938052362141491 -0.988823091846641 0.0959768319167334 -0.114093561457587 19.6041011710581
-0.113213070021496 0.00791918202528448 0.993539172520318 66.582395185226 0.0971215357691274 0.995267594932013 0.00313397002112472 -0.937253706589746 -0.98881252422598 0.0968488566494082 -0.113446423035495 19.3969331303014
-0.112219870990156 0.00769766309340823 0.993653584775828 68.459364280971 0.0967922226562321 0.995299397652106 0.0032209729307793 -0.936286445765104 -0.988958020437783 0.0965393961875399 -0.112437443921169 19.2000034688868
-0.11158431466948 0.0061604892839692 0.993735874914217 69.7789296785984 0.0985083332403353 0.995124200728583 0.00489217809457501 -0.935154483976042 -0.988860480048603 0.09843715505885 -0.111647111480622 18.9691869935574
-0.110797553215206 0.00410063569809916 0.993834537027364 71.986678132666 0.100083740666687 0.994954022094856 0.0070525719728853 -0.935319236862399 -0.988790749883759 0.100248085787913 -0.110648878169515 18.7993881247681
-0.110034914450295 0.00525762472475675 0.993913816678373 73.4818552897627 0.10153514389999 0.99481398906071 0.0059784381176755 -0.935784522133384 -0.988727936368304 0.101575019327451 -0.109998105863252 18.6092094924537
-0.109367572673761 0.00693547999862932 0.993977179398319 75.4803763116797 0.10351944023657 0.994617474263914 0.00445032380607891 -0.937727755401625 -0.988596206517382 0.103382682331522 -0.109496855906381 18.4090352585925
-0.108788083310454 0.00669278420346777 0.994042433485233 76.814044707722 0.102774469185491 0.994694275482649 0.00455047312804266 -0.93819422666098 -0.988737862839933 0.102657220699054 -0.108898731053522 18.1850194288135
-0.108472708356298 0.00638629226624031 0.994078913775431 79.0752428162565 0.103127066391968 0.994656301656101 0.00486310119101377 -0.943865834993514 -0.988735798744658 0.103043955896975 -0.108551662510835 18.0096294860406
-0.108378677852799 0.00539380700112286 0.994095050300983 80.5499649914764 0.103034631781684 0.994660647297083 0.00583621214154503 -0.942133983816453 -0.988755746805293 0.103058738419325 -0.108355754784529 17.7972022872274
-0.10800157129153 0.0055080798937861 0.994135464438547 82.6598324548533 0.104430199939805 0.994515101137248 0.00583497647820354 -0.942622228096071 -0.988650592443606 0.104447951946663 -0.107984403480571 17.606971237743
-0.108572472551303 0.00597029651925057 0.994070608037261 84.0047247435725 0.10527750705344 0.994427528821917 0.00552597771872843 -0.985933655703205 -0.988498186499454 0.105253244513445 -0.108595993511194 17.3150442150107
-0.107928816479211 0.00634768073053569 0.994138359345791 86.1809422665391 0.105681507909898 0.994386827567463 0.00512406539845965 -0.938470449160344 -0.988525563381791 0.105615075200753 -0.107993825893207 17.1953843635157
-0.108765775146791 0.00716484233010044 0.994041584236345 87.8997393075449 0.105153394261371 0.994446552828514 0.00433788459940397 -0.938895509811856 -0.988490146552827 0.104998660000354 -0.108915157650806 16.9853735006871
-0.109708209144529 0.00777917966356366 0.993933394755435 89.878294592154 0.104239550139003 0.994545255199555 0.00372176663301408 -0.941767450195368 -0.9884827894471 0.104015478289601 -0.109920677049711 16.7743233616242
-0.111131157977617 0.00846900859149165 0.993769662255812 91.5609304628821 0.103626892966443 0.994611371994238 0.00311219438048482 -0.948344690991258 -0.988388250021557 0.103327124189236 -0.111409930554268 16.5484545748814
-0.112057250710966 0.00757861059745931 0.993672852212695 93.6980495736215 0.102294555441973 0.994746313904759 0.00394903783518662 -0.950476444790235 -0.988422478745819 0.102089840994619 -0.11224378769297 16.3520549653378
-0.113154651701687 0.00738513818925566 0.99354994063318 95.4554541829378 0.102375251474553 0.994736705647121 0.004265480492753 -0.954229240545369 -0.98828909367846 0.102197583984347 -0.113315140841683 16.1387208648964
-0.113547622952346 0.0063455418821998 0.993512290522917 97.4855903421481 0.0998917837922683 0.994985432972453 0.00506159099685573 -0.955861505573216 -0.988498138011737 0.0998184465459264 -0.113612098283974 15.9202000311212
-0.115498771202423 0.00749642711501873 0.993279335046914 99.2421062664281 0.0997622704758453 0.995002891223493 0.00409094688237135 -0.965421495211179 -0.988285142679093 0.0995643010189863 -0.115669471868623 15.6456657979206
-0.117841492364054 0.00822073727367854 0.992998389805386 101.334047776842 0.0985309107364948 0.995127994704542 0.00345453104682438 -0.95661655556501 -0.988132097599734 0.0982481228013733 -0.118077364719733 15.4691293550086
-0.121976674842043 0.00923527068094868 0.992490000236742 103.291677680229 0.0990416985831198 0.995079020667741 0.00291282829891208 -0.957940651981089 -0.987579076700317 0.098653192560495 -0.122291107041243 15.2227086128609
-0.126598498675451 0.00834807175305491 0.991918912931459 105.319359063152 0.0970612158383635 0.995270328689137 0.00401163445448107 -0.963673980525476 -0.987193973093992 0.0967847226013672 -0.126810003382525 14.9801715725102
-0.131487922000753 0.00756919984393619 0.991288874940926 107.21670360775 0.0955687495786542 0.995409890134163 0.00507589667598298 -0.970388733155178 -0.986700329619838 0.0954036573555507 -0.131607756957135 14.7261757402894
-0.136262243947119 0.00841618181292255 0.990637051981293 109.293851829971 0.0940351906701021 0.995558809595333 0.00447655590392352 -0.975697836787145 -0.986199768703143 0.0937647296205521 -0.136448494638275 14.4592866754657
-0.141224394145964 0.0102348224365063 0.989924703655687 111.143465651593 0.0946750663772672 0.995503039633355 0.00321401418962409 -0.989234066035609 -0.985440156632845 0.0941750842338049 -0.141558296136222 14.142476119457
-0.145744421652464 0.0118737605969382 0.989251018380308 113.332136794842 0.0942786016780531 0.995543961550714 0.00194058896773579 -0.991993334109313 -0.98481983571759 0.0935480327382532 -0.146214420451551 13.8871736193337
-0.150511932498776 0.0121343083707255 0.988533720586126 115.366796292657 0.0929349316519081 0.995670317273768 0.00192815424957092 -1.00291090082976 -0.984230286393555 0.0921595239805366 -0.150987964703621 13.5864505071987
-0.155526572448279 0.0119021711652141 0.987760003029098 117.271091739226 0.0909987061479901 0.995848288521613 0.0023284604284464 -1.01418812220211 -0.98363139475206 0.0902470197299005 -0.155963953168638 13.2755725537745
-0.160972554432902 0.0112505820456874 0.986894756862645 119.371532463495 0.0892144164457291 0.996007311767191 0.0031973120805703 -1.02569503256957 -0.982918422158012 0.0885599193197792 -0.161333555320894 12.9596661713717
-0.166970996931051 0.0108473828669474 0.985902135340415 121.365909310193 0.0881614279787502 0.99609828388575 0.00397132932540717 -1.03536260167867 -0.982012346562201 0.0875816369155147 -0.167275844265095 12.5895880978149
-0.172051064014903 0.0104667974048974 0.985032424605112 123.493581352822 0.0883423062227213 0.99607838624412 0.00484617256822684 -1.04032204766409 -0.981118783992331 0.0878538252405376 -0.172301007217063 12.2732142531443
-0.177704045695306 0.0121076317473651 0.984009490501485 125.478349412268 0.0889723653576325 0.996026799573511 0.00381218231693854 -1.04775651977748 -0.980053667074507 0.0882270921249239 -0.178075236540602 11.9123145972995
-0.183869820056781 0.0133149806103167 0.982860417640081 127.402495236735 0.0884758932751063 0.996073625013939 0.00305775420233558 -1.06055665185291 -0.978960625143555 0.0875216821304114 -0.184325932998057 11.524510957741
-0.189272351107219 0.013050791936994 0.981837895956437 129.591379274535 0.0892352742470561 0.996002690493641 0.00396312496405385 -1.06481229802887 -0.977861464081901 0.0883646838915034 -0.189680361936486 11.146482536505
-0.194920187739618 0.013056706940321 0.980732197297217 131.64878145274 0.0882695467283453 0.996087419910952 0.00428240767748493 -1.07341177712322 -0.976839089887339 0.0874035142257923 -0.195310056497501 10.7443240110207
-0.200845702212455 0.0140610121850196 0.979521971085447 133.628912330264 0.0876017025158034 0.996148847975488 0.00366256651021421 -1.10388919568745 -0.975698183671118 0.0865434030613645 -0.201303983486268 10.2452502892708
-0.205700642919009 0.0143840994472878 0.97850924532464 135.613688228825 0.0869302251568253 0.99620778886169 0.00363006411607834 -1.09564074975596 -0.974746316462335 0.0858087355366207 -0.206170995653405 9.91487272997665
-0.210679320249342 0.0136809541600222 0.977459490471369 137.665354895811 0.0880522673856271 0.996103122203032 0.00503668001967871 -1.10272852467483 -0.973581543697048 0.0871286487364631 -0.211062967717771 9.48923630246915
-0.214740249612327 0.0136892753324899 0.976575255132602 139.740402000154 0.0900805510761014 0.995917316318683 0.00584751010411551 -1.10158393533225 -0.97250815909907 0.0892261329289975 -0.215096670565295 9.03839902352635
-0.218189153823098 0.0143872762896658 0.975800440374427 141.925384572875 0.0911543818185557 0.995820461874227 0.00569968313832391 -1.10088970337681 -0.971640042314662 0.090192094961616 -0.218588687212302 8.55560958308473
-0.221292264375623 0.0151538160861563 0.975089788473624 143.792224053092 0.0914788115885968 0.995792997710377 0.00528514345300794 -1.10708921103 -0.970907493409052 0.0903696164040094 -0.221747540399313 8.13166942616127
-0.224594431453687 0.0148885458318661 0.97433858209711 145.893031533221 0.090649738748539 0.995866649564315 0.00567812912558641 -1.11064505299428 -0.970226760208569 0.0895988141024067 -0.22501574675259 7.65397052714005
-0.228559643159734 0.0154078781554859 0.973407975521796 148.020342197685 0.0894272817921106 0.995979608376629 0.00523268279284821 -1.11623684921926 -0.969413869711987 0.088245209437577 -0.229018628546563 7.16669513311979
-0.233298232094739 0.0161279570799521 0.972271476441584 150.246745379313 0.0882761059485019 0.996085148251902 0.00465902892840963 -1.12485775772008 -0.968390037133819 0.0869152830773398 -0.233808617350917 6.65013279134118
-0.237591371598627 0.0156848325157799 0.971238552658839 152.240217741326 0.0873776424675846 0.996161226180761 0.00528763187530986 -1.1298253554028 -0.967427251910287 0.0861208307147218 -0.238049815749385 6.17612705515404
-0.242204267903378 0.0163258261068997 0.970087913547693 154.339282970628 0.0877350276740835 0.996130581736031 0.00514091910686556 -1.13278229497528 -0.966250307905988 0.0863558424900296 -0.242699425090833 5.66657019793016
-0.246740647449516 0.0169539645869186 0.968933236080268 156.412911655354 0.0874203332818398 0.996159797937053 0.00483138726463189 -1.1382212384312 -0.965130425499624 0.0858965660477432 -0.247275234740804 5.15156744425298
-0.25129594142271 0.0169486295256824 0.967761899323215 158.497990350799 0.0868315656748634 0.996209950037837 0.00510045567193201 -1.14212289498235 -0.964007587639707 0.0853140047284771 -0.251815193287188 4.63277132562035
-0.255700112635016 0.0163584671197588 0.966617738794366 160.55534575077 0.0865874108478894 0.996225914280318 0.00604549410738322 -1.14858318645475 -0.962870745573413 0.0852427608060377 -0.256151515804739 4.09672137954729
-0.259744426326596 0.0163387850025186 0.965539163937388 162.614011381284 0.0870924694716051 0.996178554157254 0.00657190980622393 -1.1546605666561 -0.96174203129197 0.0857982071013438 -0.260174812202468 3.55800161958652
-0.263789111211073 0.0171724784849775 0.964427504164598 164.686933448772 0.0882138844835104 0.996081046957874 0.00639206348801034 -1.1580139478481 -0.96053819049052 0.0867620531914031 -0.264270185104582 3.0006180283921
-0.26768472864347 0.0185287647276017 0.963328381668858 166.725333701088 0.0884956034328634 0.996061754034717 0.00543234041057617 -1.17774382460985 -0.95943390299912 0.0867044810084934 -0.268270234556357 2.38310175882
-0.270980007823248 0.0200523000622228 0.962376091048779 168.857968804043 0.0884920359049001 0.996068186038384 0.00416273270937515 -1.16467885252355 -0.9585087349323 0.0862906369452585 -0.271689033702252 1.85698127489042
-0.274370517868079 0.0210865340139575 0.96139283178526 170.957930438856 0.089311443865188 0.99599708581425 0.00364294444603796 -1.17252758863979 -0.957467641708856 0.0868628984826074 -0.275155505028852 1.26454954583068
-0.27771835172585 0.0219637838092284 0.960411427105831 173.006267249412 0.0891012407274842 0.996018095663664 0.00298697361085533 -1.18258058892532 -0.956521555436939 0.0864033871518386 -0.278569504205306 0.678250157804257
-0.281250488889941 0.0219026852897124 0.959384404123951 175.13678636111 0.0891999316270493 0.996007900862725 0.00341080881274239 -1.19129334737879 -0.955479740599925 0.0865363148980078 -0.282081427086177 0.0625261844415093
-0.285294290486544 0.0219582602487062 0.958188396205376 177.226649273473 0.0888586528398448 0.996037625990605 0.00363144964007962 -1.20104808120143 -0.95431195509187 0.0861793619020853 -0.286115029229298 -0.550680655078111
-0.289032492553476 0.0227366580383937 0.957049247755605 179.327186625608 0.0910559259713291 0.995838372726515 0.00384106116972108 -1.21043932993994 -0.952979032609757 0.0882551969384855 -0.289899954500722 -1.17900639669546
-0.292352478648454 0.0229234094346899 0.956035849499377 181.339110604771 0.0930220676360844 0.995653547840666 0.00457248346121052 -1.22151174829207 -0.951775668506404 0.0902692083281164 -0.293214165529229 -1.7959552498703
-0.294910928176927 0.0224616337810438 0.955260707581815 183.541576576981 0.0939083063407184 0.995565200162654 0.00558231361651885 -1.22677643227093 -0.950898929667103 0.0913532004528668 -0.29571239122664 -2.46541359892043
-0.297852641426905 0.0218523868064717 0.954361711923669 185.554707324249 0.0933373224772911 0.995614400308145 0.00633325602068208 -1.23516072617721 -0.95003786673363 0.0909639439003921 -0.298586022248699 -3.09029389000355
-0.300814460777506 0.0225080985551827 0.953417036603904 187.63733009586 0.0924361745188937 0.995702534252269 0.00565834992927909 -1.24618777732458 -0.949192400847927 0.0898323370676714 -0.301602283462028 -3.78441693499261
-0.30363826795382 0.0242095053979791 0.952479764657701 189.778601895283 0.0916261190750829 0.995785846528212 0.00389899440001996 -1.24922147902426 -0.948371476024687 0.0884559082395172 -0.304576912717098 -4.41153804998623
-0.30694623203814 0.0260181318286196 0.951371151262081 191.895887261708 0.0910829983700178 0.995840978720399 0.00215232644484504 -1.25954924612994 -0.947358378886003 0.0873143855120473 -0.308039445586337 -5.08438115071681
-0.310186854342956 0.0269517054308584 0.950293492015593 194.029344231532 0.0900482974832625 0.995936739674602 0.00114659787628502 -1.27250491052935 -0.946401299403793 0.0859279706538696 -0.311353439592563 -5.77130139321329
-0.31358624427285 0.0278799063932153 0.949150345426031 196.159105784821 0.0884727562675124 0.996078596600095 -2.81711693287683e-05 -1.28696649542048 -0.945429129444021 0.0839651130809159 -0.314823158271482 -6.47985441102011
-0.31738719219549 0.0281979452670725 0.947876704067032 198.252904719391 0.0892108765436587 0.996012731445709 0.000241462979198468 -1.30466800437519 -0.944090456331689 0.084637548882121 -0.31863724763852 -7.17164771207842
-0.320948424623868 0.0274046835384704 0.946700106713638 200.39148124244 0.0887993189729321 0.996048726007373 0.00127136502718309 -1.32041991540557 -0.942924593846932 0.0844743673503695 -0.322113786695562 -7.88681716138379
-0.324685240421931 0.0267544276492035 0.94544364996192 202.534402393355 0.0885187796537899 0.996072051771201 0.00221208700415364 -1.33423563906479 -0.941670813129916 0.0844077501268319 -0.325778162892741 -8.61393921844774
-0.328684249882506 0.0266656949958398 0.944063347763042 204.697973974014 0.0886633172750334 0.996057898915825 0.00273462560120555 -1.34737812217229 -0.940268833924086 0.0846026164948866 -0.329752812320468 -9.35790100385702
-0.332456199769609 0.0267470935518169 0.942739342671812 206.837357240064 0.0877014234026971 0.996143240214805 0.00266557826545012 -1.36207926206146 -0.939032127015839 0.0835657702703609 -0.333519754244379 -10.0981323899181
-0.336213492172818 0.0273897932583729 0.941387426571134 208.979000099517 0.0869806738678708 0.996207827559811 0.00208006780009599 -1.37738120948424 -0.937760550489542 0.0825818595929245 -0.337320895308496 -10.8488955560957
-0.339612679674954 0.0282902402967892 0.940139824764352 211.034432940503 0.0871185242912068 0.996196834360769 0.00149329665643018 -1.42049656929478 -0.936522071565491 0.082410736639904 -0.340785680387467 -11.6716919022289
-0.342336006056761 0.0286841272220106 0.939139648722498 213.25911915952 0.0878878710409837 0.996129069400467 0.00161220942895499 -1.4128129197514 -0.935458059498655 0.0830909016732331 -0.343531834009805 -12.3816630796498
-0.344955956322348 0.0283759835698687 0.938189848460415 215.402952922096 0.0889853275855415 0.996029561794785 0.00259297230654085 -1.43014178007152 -0.934391245502775 0.0843795922443997 -0.346111376207776 -13.1634085719461
-0.347628776630093 0.0278357005930702 0.937218975176644 217.539439450099 0.090233734719788 0.995913018283124 0.00389013273770651 -1.44480627122886 -0.933280293790233 0.0859210904649784 -0.348719743398801 -13.9491827062187
-0.350232204067135 0.0286433644842442 0.936224845272384 219.682249662284 0.0915196404960226 0.9957961325599 0.00377064745425842 -1.45709641072242 -0.932181076099357 0.0870035634314381 -0.351381304728177 -14.7464564544782
-0.35267906204284 0.0295611467490658 0.935277294602763 221.651604907092 0.0915334675358365 0.995797354449125 0.00304190614407439 -1.47619188375102 -0.931256733407844 0.0866819904882415 -0.353902711218136 -15.4965817420807
-0.355487844763945 0.0296787594828641 0.934209592896928 223.916613614916 0.0908836418956834 0.995857160664239 0.00294604642478388 -1.48956410544877 -0.930251877644363 0.0859516537904775 -0.356712429486021 -16.3360101733651
-0.358344851260279 0.0309665760753478 0.933075580401405 226.019592712437 0.0906594820333296 0.995880383134148 0.00176658032095125 -1.50861342290055 -0.929176961559367 0.0852251937794904 -0.359676021514573 -17.1357306009268
-0.361273572541515 0.0321786475574146 0.93190446958069 228.105548727938 0.0905648855521037 0.995890295692456 0.00072142257198049 -1.53007907294646 -0.92805140336515 0.0846584525429605 -0.362703100517499 -17.9379703949775
-0.363849028694842 0.0321526110220086 0.930902838067587 230.258895872404 0.0882976240253328 0.996094131122675 0.000107398532154254 -1.55385247933165 -0.927263400501336 0.0822355856514146 -0.365266881257072 -18.770982525833
-0.36684995524884 0.0331660181146826 0.929688725099074 232.410836362068 0.0891075246618102 0.996021943205617 -0.000371081596608721 -1.58953414450793 -0.926002677848487 0.082706129732463 -0.368345947068932 -19.6374174964004
-0.369473101814555 0.0325800048222546 0.928670108446112 234.391254065387 0.0907007360294398 0.995877532322684 0.00114764916251639 -1.60550981457116 -0.924804305525904 0.0846550878604718 -0.370904991311908 -20.3982823021171
-0.372080480133533 0.0316352608204929 0.927661213254289 236.520073329736 0.0910573082426597 0.995842357711058 0.00256226542012427 -1.62633562361727 -0.923723271829394 0.0854237019878048 -0.373414124290309 -21.2448435272912
-0.375119804882183 0.0311618374670756 0.926452412091862 238.655015323754 0.0901103075648532 0.995927312006546 0.00298691646728347 -1.64452002461267 -0.922586182671148 0.0846033633202045 -0.376400061715177 -22.1004899866414
-0.37821700034643 0.0314936362013923 0.925181091207426 240.842631316192 0.0888451189995727 0.996042527017227 0.00241437426431698 -1.66382717558594 -0.921443674610066 0.0831109815364418 -0.379518272641975 -22.9893361128268
-0.381792663277034 0.0309543101352108 0.923729502046938 243.082056108 0.087322303384956 0.996176426480896 0.00270973343668805 -1.7033341726244 -0.920113676454913 0.081696744168941 -0.383035852620638 -23.9653033749993
-0.385252163468819 0.0301546582107578 0.92231852802098 245.098321040261 0.0864603616851156 0.996248992555159 0.00354269531718695 -1.69978343326627 -0.918752075589424 0.0811088245570345 -0.386414262390899 -24.7295487795011
-0.388840273632895 0.0303961753152143 0.920803624084583 247.210838512108 0.0858857915821888 0.996299255993774 0.00337983883532786 -1.71718640393527 -0.917293231418066 0.0803981656038166 -0.390011874898887 -25.608512315496
-0.392595199839035 0.0300917172859624 0.919218960647641 249.306104056 0.0852786675424689 0.996349871677045 0.00380553167328811 -1.73591435450582 -0.915749178501149 0.0798838016115723 -0.393728358534858 -26.4910976014743
-0.396650378888001 0.0294758484240484 0.917496403964445 251.456240564762 0.0842509119263077 0.996434806627669 0.00441134678581611 -1.7538910020104 -0.914095323676689 0.0790496710971128 -0.397719610695584 -27.4105902535043
-0.400545010382993 0.0294020820873904 0.915805226140479 253.598857154638 0.0834204917782652 0.996504309053595 0.00449261495000082 -1.77134414343823 -0.912471761869243 0.078196416839539 -0.401597564963605 -28.3328291595423
-0.404511166462417 0.0301335468958414 0.914036479336953 255.714115564226 0.0834588960932294 0.996502856421247 0.00408286752103748 -1.78887786877317 -0.910716931252579 0.0779360410578503 -0.405611445393389 -29.2538340616432
-0.408055546843715 0.0305231874029172 0.912446713907636 257.895638566509 0.0838061602810009 0.996473455292019 0.00414492428629422 -1.8060904459432 -0.909102413476629 0.0781600148998855 -0.409174551850207 -30.2186858271697
-0.411827289606461 0.0305589445257071 0.910749380699691 259.940153822992 0.0837549874873054 0.996476498438657 0.0044373562437752 -1.83342429126125 -0.90740475291151 0.0781072273794661 -0.412935679524904 -31.1464583788858
-0.415584298571525 0.0307430221860133 0.909034959375977 262.193465521746 0.082341193093961 0.996596411149096 0.00393969600409743 -1.84133694451841 -0.905819859961503 0.0764882989195862 -0.416701237612407 -32.144898306272
-0.419356428269153 0.0310459782625504 0.907290655359715 264.299600008379 0.0828688222320585 0.996551604019364 0.00420224086701401 -1.85549152523451 -0.904031495231892 0.0769483447525297 -0.420483064901115 -33.1036837303986
-0.42283217156839 0.0316744505815416 0.905654284960391 266.312929770624 0.0835737993270567 0.996492875988106 0.00416751376658235 -1.87035595574137 -0.902346039362284 0.077451128366934 -0.423996400883177 -34.0306997088551
-0.426367843268556 0.0328104456899377 0.903954609966755 268.393566949662 0.0848626386219666 0.99638517620066 0.00386176302974362 -1.88540018536699 -0.900560267162969 0.0783585049704755 -0.427610979637046 -35.001211277832
-0.429569241800827 0.0348913138884487 0.902359608312451 270.53584365993 0.0872132245608649 0.99618515409176 0.00299870453227428 -1.91326385022958 -0.898812616711826 0.0799858423867217 -0.430973485329815 -36.0531644269273
-0.4325617440443 0.0354811693697689 0.900905890872908 272.570084443634 0.0882778346268758 0.99609089162582 0.00315587288528109 -1.91739655011343 -0.897272178050197 0.080895131128096 -0.4340030141103 -36.9824228603688
-0.435407900520375 0.0375270130207597 0.899450767667791 274.671893428792 0.090079202398488 0.995932488341177 0.00205328074140988 -1.93350874956213 -0.895715187690648 0.0819158224050185 -0.437017277209973 -37.9917976170001
-0.437992517182032 0.0399746869953587 0.898089404954858 276.794779724156 0.0918549885460177 0.995772281177655 0.000474465446218425 -1.94967109326813 -0.894273568865679 0.0827018043205335 -0.439812682389185 -39.0228745491648
-0.440964175089297 0.0405705270119702 0.89660728785003 278.941550594648 0.0928322150161718 0.995681583966061 0.000602665766857396 -1.96422788068442 -0.892710914094259 0.0834997945434974 -0.442826160212094 -40.0702643894555
-0.444249308359269 0.0415700959368733 0.894938254376307 281.064604499983 0.093029067654047 0.995663390817693 -6.89698023347436e-05 -1.97872080224742 -0.89106012400608 0.0832246316255833 -0.446189999996701 -41.115283117304
-0.447695666233236 0.041516529255133 0.893221679223353 283.177717088743 0.0922109531400907 0.995739492045799 -6.40419430995431e-05 -1.99411672384466 -0.889418759953362 0.0823361511061949 -0.449616534019872 -42.1597325854643
-0.451097127612676 0.0428031082989528 0.891447853426963 285.191848316955 0.0932544449075814 0.995642118521119 -0.000616710432382844 -2.01037798311123 -0.887589426460552 0.0828532784307698 -0.453122879899814 -43.1676227685495
-0.454374205029151 0.0431121775394966 0.889767060500629 287.323673435529 0.0924026080574741 0.995721163954196 -0.00105909295064511 -2.02792503750245 -0.886005552933109 0.0817355724363892 -0.456413689946075 -44.2421360279416
-0.457227327451994 0.0429744136079006 0.888310965150248 289.607101490648 0.0909336539201551 0.995856007432991 -0.00137224063171921 -2.05862322655978 -0.88468878234995 0.0801499359617896 -0.459240401260042 -45.4542059279967
-0.459944420832387 0.0434166645293892 0.88688563128867 291.616245723059 0.0923751941051889 0.995723917868818 -0.000838390123570677 -2.06303025355869 -0.883129635591055 0.0815406194795765 -0.461988283526431 -46.4349895617898
-0.462173007235166 0.0434137293900495 0.885726458611038 293.845891194491 0.0938379281277916 0.995587472615054 0.000166182588173279 -2.07788302656929 -0.881810951750934 0.0831915408705522 -0.464207510602421 -47.5936322113562
-0.464290579925154 0.0435072914037239 0.884613685733765 296.057702810452 0.0947799189765572 0.995497941471536 0.000784528350247907 -2.09140104169917 -0.880596970441963 0.0842078625821042 -0.46632393411425 -48.7466651383324
-0.466384800117674 0.043193476598849 0.88352676348739 298.228801203032 0.0946044381677897 0.995514131784959 0.00127031310927387 -2.10327640202665 -0.879508509622365 0.0841780077914857 -0.468378953952996 -49.8823065036236
