0.999999999426571 4.78817494218821e-06 -3.35250723854002e-05 0.000218302390401211 -4.78803309432051e-06 0.999999999979586 4.23117701063475e-06 1.51959315609381e-05 3.35250926443316e-05 -4.2310164890524e-06 0.999999999429083 0.000508872531748231
0.999928980281043 -0.000942611055902786 0.0118804830925024 0.0918558878196285 0.000975229515298675 0.99999577050208 -0.00274005571893259 -0.00617245296612991 -0.0118778500372094 0.00275144731871332 0.999925670345624 0.450139453574868
0.999164522966937 -0.00612821207928809 0.0404066957442018 0.142692560656301 0.00647615455757598 0.999943024144682 -0.00848574608000369 0.00450938193895859 -0.040352391086522 0.00874033644084584 0.999147281962225 1.16046904365018
0.996271277663416 -0.00569746225912069 0.0860876310901348 0.228611484853969 0.00678598169775423 0.999900622888615 -0.0123569737135549 -0.0201259221381434 -0.0860086725586612 0.0128950870786373 0.9962109339763 2.19354623903072
0.991246459126761 -0.0035769048792699 0.131975994105532 0.362355162442472 0.00557480239769543 0.999875347616465 -0.0147719601637328 -0.0491777899770234 -0.131906705086911 0.0153783932950395 0.991142838430858 3.23193417454823
0.983940856992398 -0.00618508459774437 0.178387596736947 0.544367455358267 0.00895022323203548 0.999851888795331 -0.01470013525467 -0.0801152052517142 -0.178270253954948 0.0160606724930062 0.983850482214605 4.25871108361049
0.974559315670048 -0.00719782950526009 0.224014132346912 0.775868487722552 0.0110393798273776 0.999812627527809 -0.0159010040238145 -0.114783199683694 -0.223857705549203 0.0179694486935934 0.974456169655616 5.26961012718036
0.963308546264588 -0.00971008474920562 0.26822072803527 1.05566893141705 0.0151585663755016 0.999718538309184 -0.0182499870243509 -0.150323640682258 -0.267968025254966 0.021646210178983 0.963184602776561 6.27217995446869
0.950287522606231 -0.0115923864960197 0.31115790357026 1.37865932015414 0.0187243300645516 0.999625766356291 -0.0199430865271944 -0.184618917135875 -0.310810269847291 0.0247778895776927 0.950148952715062 7.25375947355862
0.9351320718208 -0.011616268990894 0.354108839972782 1.7443200042339 0.0201809802609573 0.999586084467963 -0.0205033600590919 -0.220213407440103 -0.353724096278222 0.0263196130810677 0.934979433826979 8.22461946044236
0.917474091972477 -0.012011442981924 0.397614154422062 2.14997583418427 0.0213961430271234 0.999587192884413 -0.0191741723425619 -0.256752056104096 -0.397219706992041 0.026099215676939 0.917352350690947 9.16768178250382
0.897806116435514 -0.0117256333812965 0.440234808724603 2.60768304076957 0.0218794438086844 0.999598632089517 -0.0179962402570328 -0.296781517959127 -0.439847095283807 0.025789227335724 0.897702316207229 10.1136814282288
0.875935754414265 -0.0118680796044565 0.48228176704621 3.10951024029874 0.0227527333663207 0.999601199541758 -0.0167258781246234 -0.335228649550784 -0.481890928803473 0.0256240231263735 0.875856462084824 11.0263908892501
0.852215855557923 -0.0121541985924557 0.523049147778918 3.64122788279568 0.0244569880192545 0.999562698679842 -0.0166212858977983 -0.374102545803414 -0.522618399286423 0.0269571301225753 0.852140435528588 11.8907832971372
0.8269381954179 -0.0139966017442932 0.562118596115266 4.24201860308917 0.0278628565934064 0.999482051410867 -0.0161024883163909 -0.408260516846313 -0.561602067465427 0.0289779924621407 0.82689986925348 12.7737066384406
0.800127557870881 -0.0130736208251421 0.599687394876781 4.86873945560729 0.0286932632963246 0.999452156606199 -0.0164949476090404 -0.444286236350448 -0.599143211408581 0.0304050504643161 0.800064338118676 13.6070738957871
0.771129506712809 -0.0163200311117093 0.636469119801875 5.5195729363182 0.0336241520381342 0.999320259638981 -0.0151140687704186 -0.478195969720491 -0.635789823980045 0.033055638847152 0.77115408607089 14.3762384482113
0.741016681153077 -0.0154377917895438 0.671309133587159 6.24162730525534 0.033817431250921 0.999325031066443 -0.0143479485517027 -0.513560601233311 -0.670634520134826 0.033334019690337 0.74103858437656 15.1737218308172
0.708529230126377 -0.0141485422226987 0.705539615336726 6.96818133491529 0.035034788809044 0.999271340639119 -0.0151443504450807 -0.548046720773404 -0.704811246809831 0.0354486463813534 0.708508644859116 15.8970261988676
0.674535963758749 -0.015382342156832 0.738081714409607 7.72997730082535 0.0394891714081912 0.999103359567783 -0.0152670312066466 -0.574108408757306 -0.737185077804448 0.0394443969422829 0.674538583486749 16.5777291749643
0.639559163836401 -0.0136555552216943 0.768620583750182 8.56074229093898 0.0396261433950471 0.99909862202711 -0.0152220965430071 -0.610326711692155 -0.767719899906547 0.0401929008049522 0.639523796283113 17.2849232947401
0.603267343806452 -0.0125863006234999 0.79743971366701 9.4123195035161 0.0425890012688991 0.998957212699807 -0.0164518742382115 -0.643964678907716 -0.796401085425946 0.0438870394495585 0.603174302254935 17.930360776601
0.565729094293841 -0.0111555431742736 0.824515703747331 10.297311109 0.0472552256723979 0.998703815236937 -0.018911189223253 -0.675195832097965 -0.823236014467371 0.0496612856023065 0.565522962571994 18.5353156019192
0.527656350766704 -0.0103255605819504 0.849395172045517 11.2027839835307 0.049083090464309 0.998626093508921 -0.018351446634631 -0.702977470296942 -0.84803869353116 0.0513741974319767 0.527438210705465 19.0999718260933
0.490549869333661 -0.0122446806971285 0.871327087545976 12.1665976189616 0.0541386979120992 0.998397928649227 -0.0164492388065857 -0.734847754121372 -0.869729743704969 0.0552416859224896 0.490426884511168 19.6350684832889
0.454349000658952 -0.0126592574608093 0.890733814784615 13.0906880560262 0.057588994519645 0.998224836287798 -0.0151882826025691 -0.759092879318154 -0.888960344059524 0.0581972458002967 0.45427149070884 20.1022016115966
0.42037093694957 -0.0103838747495285 0.907292924315696 14.1390938932195 0.0594390598951817 0.998101828497466 -0.0161163925489384 -0.787216638578603 -0.905403376140667 0.0607035015069195 0.42019020856974 20.5736016060494
0.386875334464398 -0.0110893623919741 0.922065345637065 15.1502171212779 0.0598324389421889 0.998122470688698 -0.0131001052102168 -0.819677139892782 -0.920188869109646 0.0602375260782594 0.386812468282347 21.0140245425089
0.354202069998193 -0.0125032499953232 0.93508532356601 16.2183730752787 0.0619533726229929 0.998027712113053 -0.0101225231549207 -0.844592697643342 -0.933114501671489 0.0615171081402545 0.354278100051963 21.4161982642068
0.322773279118913 -0.0127845954309351 0.946389964235933 17.3170467357447 0.0626596309296077 0.998003777133323 -0.00788869313545942 -0.864209625349951 -0.944399905198317 0.0618467052258033 0.322930029749671 21.7528222827765
0.289953815507413 -0.00922163210740575 0.95699621021923 18.2384746900217 0.0598932505096412 0.99816835600068 -0.00852828366608664 -0.878295414791233 -0.955164689158934 0.059790422144149 0.289975036863075 22.0237504094047
0.260196056176811 -0.00808180416670648 0.965521981516446 19.5031758489899 0.0599187499279023 0.998172842901668 -0.00779224618958164 -0.901978418461989 -0.9636948457666 0.0598803818876646 0.260204888708641 22.3927546761643
0.229139795455634 -0.00754371863774984 0.973364292774121 20.6744774878926 0.0620355739797982 0.998050303173161 -0.00686876240363185 -0.926080226344099 -0.971414711490179 0.0619571194058845 0.229161021239167 22.6955758117867
0.199875990759051 -0.00802315147833941 0.979788353349051 21.8178795134258 0.0635611200817908 0.997966431127437 -0.00479440890148681 -0.938201158457937 -0.977757419983114 0.0632347324112477 0.19997948966042 22.8966820163317
0.168715803811816 -0.00825108832641132 0.985630203010015 23.0135150345624 0.0621583012602497 0.998063687965479 -0.00228480834803531 -0.95907703274316 -0.98370286323085 0.0616505823668923 0.168901991004399 23.1308901191132
0.140254784366541 -0.00876155146266409 0.990076679191194 24.2583210806919 0.0629382458747181 0.998017419759279 -8.40431064174944e-05 -0.964420466900329 -0.988113036382229 0.0623254769175278 0.14052815468259 23.284888589454
0.11270177350665 -0.00831603468109578 0.993594058866919 25.4093036767503 0.0654913212313878 0.997852711939054 0.000923103050842947 -0.978782480397905 -0.991468202763872 0.0649677523318925 0.113004398432623 23.4198360322465
0.0881308084292314 -0.00802106312208402 0.99607661510147 26.8072967171459 0.0698861580091648 0.997553258732185 0.00184957063004946 -0.982349402598938 -0.993654308864169 0.0694489635573421 0.0884757364280332 23.5406141302079
0.0644836691494113 -0.00770489896686802 0.997889017348593 27.5160321753519 0.0741061533731843 0.997246109548196 0.00291118931325433 -0.980187276723828 -0.995163370731288 0.0737619924005437 0.0648770686132071 23.4571915884311
0.0451088406333027 -0.00816163321561743 0.99894873754361 29.3936942422632 0.0799661110776348 0.996787275701113 0.00453299894921116 -0.993293829420994 -0.995776387335951 0.0796775673800846 0.0456165724332004 23.6548664293683
0.0270285728176833 -0.00899715964440336 0.999594171336434 30.252060628576 0.0840925503500261 0.996435457635213 0.00669490425117269 -0.994838513619158 -0.996091310687463 0.0838774694756415 0.0276888224252192 23.59689281554
0.011799508665025 -0.00925106088526399 0.999887588415698 31.9920647707714 0.0876368819817317 0.996118884333702 0.0081820040516513 -0.997814183717678 -0.996082601249407 0.0875304869532801 0.0125644475380983 23.6824247006107
-0.00315076158845473 -0.00984900303687334 0.999946533490962 32.7390427941064 0.0897609178169335 0.995912208583972 0.0100920972080114 -0.995152494098968 -0.995958357730922 0.0897879164062398 -0.00225382638010796 23.547156881832
-0.0160277459332754 -0.0110087874469023 0.999810941107992 34.5891820977246 0.0899106485246226 0.995872555897531 0.012406759931614 -0.999181330925459 -0.995820860718523 0.0900925025130718 -0.0149717850890265 23.6482313413605
-0.0287791238888855 -0.0105471662618136 0.999530149276166 35.2213580802255 0.0896005087410219 0.995891779824105 0.0130886100150328 -0.987077284552023 -0.995561907096459 0.08993508860629 -0.0277158614486461 23.4702263961008
-0.039438899936306 -0.00797786311014462 0.999190135495748 37.193281064293 0.089641272960239 0.995907839590582 0.0114898748508154 -0.992176825876543 -0.995192953830503 0.0900218236996744 -0.0385623638266999 23.547360285932
-0.0500462077291681 -0.00440349315450419 0.998737195832801 37.7370239950469 0.0901006777566543 0.99589284247233 0.0089058508956184 -0.977087660629519 -0.994674441694226 0.0904326023092428 -0.0494439023526443 23.3562539525335
-0.0592564617109124 -0.0021516972447477 0.998240473004611 39.7036787278921 0.0912298824936425 0.995801147711979 0.00756192804124978 -0.975283802771427 -0.994065279690272 0.0915174541520458 -0.0588113534942771 23.3411491000669
-0.067013887609088 -0.000730902252217649 0.997751775067032 40.4623806028497 0.0909579338093324 0.99583125418025 0.00683867493946991 -0.965424684908908 -0.993597399928489 0.0912117261084798 -0.0666680423865742 23.1890735494449
-0.0726477616366272 -0.000305227470423801 0.997357613679958 42.3431507764571 0.0906697752159841 0.995857045539806 0.00690917585621644 -0.964870867002636 -0.993227715376223 0.09093212680302 -0.0723191103623986 23.1457094014448
-0.0780905049749934 0.00156481745199736 0.996945045817016 43.3003519585022 0.0916643571394951 0.995774118031948 0.00561707111398341 -0.954334203941985 -0.992723284033851 0.0918229666479927 -0.0779039417039216 22.9724777518866
-0.0827552329973416 0.00294793928743444 0.996565542784575 45.0110265252806 0.0909692995049343 0.995843034750849 0.00460832787479645 -0.95678614392745 -0.992409269383926 0.0910382325848743 -0.0826793943415471 22.8763627154543
-0.0867043635351625 0.00435788032437527 0.996224554115708 46.208748585906 0.0912903975326573 0.995817845374326 0.00358917154285192 -0.944047992139776 -0.992042547808456 0.0912569324112587 -0.0867395851073498 22.7405530367642
-0.0898174866251416 0.00288486838139315 0.99595406351436 47.729020446189 0.0907959868856682 0.995855391333137 0.00530361369096114 -0.94805713097695 -0.991810923443476 0.0909049893413306 -0.089707162763363 22.5959705684287
-0.0922803588016625 0.00119797949951533 0.995732343666989 49.1589890610057 0.0914841137685247 0.99577992231281 0.00728033286892634 -0.941034529782922 -0.99152155413154 0.0917655227403706 -0.0920005246113438 22.4600989860646
-0.0946749403052305 0.000119368259254415 0.995508232728097 50.6842780554108 0.0914149706783855 0.995775970557761 0.00857435686330388 -0.932418241494199 -0.991302153137009 0.0918161326291194 -0.0942859426158587 22.3252945163866
-0.0968070657693236 0.00106126836946625 0.995302600080288 52.1612003349881 0.0939813973642128 0.995541168892745 0.00807947950908021 -0.920770403188055 -0.990856139389873 0.0943220798599971 -0.0964751588974102 22.1856588067154
-0.0975911382898837 0.00048357995958088 0.9952264746668 53.6153956791522 0.0937874183307343 0.99555411912071 0.00871298253433627 -0.91653872401468 -0.990797602888774 0.0941900315968229 -0.0972026134301383 22.0279354891576
-0.0985146950299711 0.00221326623602328 0.995133134970251 55.2252498265019 0.0954969858996975 0.995403389629815 0.00723999983069074 -0.902386722587124 -0.990542871635158 0.0957454613339134 -0.0982732216157145 21.8869502624745
-0.0985145017983824 0.00206804620753316 0.995133466485928 56.805259439026 0.0953957549120076 0.995412103798717 0.00737519869426204 -0.900853355377205 -0.990552645183579 0.0956580722986574 -0.0982598103189709 21.7176375739599
-0.0975284473669575 0.00389561157938016 0.99522511331086 58.3241167938881 0.095124637900464 0.995450585700172 0.00542537496311693 -0.893118504310765 -0.990676286795286 0.0951995569296802 -0.0974553186947558 21.5820992645861
-0.0968338990955806 0.00340398126794775 0.995294734687909 60.0543038763419 0.0959060274885489 0.995372748862105 0.00592661067234672 -0.894946895457251 -0.990669081922573 0.0960286610040113 -0.0967122866468582 21.4053732639694
-0.0951886109726268 0.00262952289090775 0.995455782016694 61.6042802347917 0.0945142021382077 0.995502888934559 0.00640809777746294 -0.89142769456824 -0.990962256564437 0.0946946869275869 -0.0950090644749562 21.2626933315454
-0.0943585889311596 0.00322001688473849 0.995533067349439 63.3244870259311 0.0961712759879731 0.995347338464846 0.00589588719290392 -0.88582876110261 -0.990882204083697 0.0962980129712361 -0.0942292434864362 21.0951250024443
-0.0929397564558634 0.00411467458490983 0.995663231782205 64.9292148241812 0.0954353849305652 0.995424079607876 0.00479468872482453 -0.884846413335777 -0.991087427512366 0.0954671209887121 -0.0929071570819326 20.9491297469736
-0.0924927117957961 0.00449076458310822 0.995703234552404 66.6777964991775 0.0967885522224275 0.995294784800374 0.00450194489779131 -0.881619815718761 -0.990998019384169 0.0967890716074673 -0.0924921682847708 20.7868100031132
-0.0910715719916604 0.0044648463828376 0.995834340601762 68.1610314336977 0.0959423930956773 0.995377551103288 0.00431137642699636 -0.873523583402617 -0.991211897619294 0.0959353735928432 -0.0910789663509599 20.6585602208125
-0.0906315227038192 0.00268813384128399 0.995880866885612 70.0682155722598 0.0981904102258708 0.995148020824632 0.00624979907615068 -0.8802618494516 -0.991032073361938 0.0983523796624586 -0.0904557294076462 20.4763409231242
-0.089663593647102 0.000771929348641499 0.995971808887866 71.8034564148146 0.0993882780192998 0.995015134182315 0.0081763647490014 -0.878315026822105 -0.991000711486448 0.0997210452874971 -0.0892933533927538 20.3169572489946
-0.0889238844327491 0.0018653661187022 0.996036677631218 73.555894874839 0.100809988523267 0.99488009884272 0.00713688592016829 -0.876842631546166 -0.990923755387532 0.101045085659531 -0.0886566504709503 20.1594735260939
-0.0881751579834953 0.00359933802779079 0.996098482219679 75.3171091306555 0.102822689719869 0.994684452393377 0.00550768968441781 -0.876200269049058 -0.990783849279629 0.102907166575754 -0.088076552350741 19.9998189264257
-0.0874332273956389 0.00325572311360079 0.996165062132873 76.9842192164932 0.101991696772544 0.994768916169487 0.00570063263527588 -0.874425697101679 -0.990935479502394 0.102098989661958 -0.0873079135781378 19.8669944665034
-0.0873784080245574 0.00303245213472858 0.996170576781479 78.6191112659263 0.102487616700833 0.994716415716675 0.00596160437748302 -0.867117425522666 -0.990889147298565 0.102616063741605 -0.0872275256332646 19.7230741036641
-0.0870994527702431 0.0018708501686967 0.996197864506229 80.7081685621861 0.102831569495193 0.994673280256202 0.00712277049488367 -0.881356602980507 -0.990878072036252 0.103060979347247 -0.0868278808546352 19.5256566839371
-0.086885169427686 0.00212631710922082 0.996216063968592 82.4127637331793 0.103652800794771 0.994589487426305 0.00691725295764687 -0.86978099759743 -0.99081131615506 0.103861591922286 -0.0866354748497784 19.3895356330187
-0.086825619980536 0.0018858860057623 0.996221739949982 84.2414443417459 0.104651818978376 0.994482580748947 0.00723832656296131 -0.866966450555597 -0.990711516284894 0.104884889383019 -0.0865439280342597 19.229167301793
-0.0867363890296207 0.00287065016314733 0.996227161939356 86.0700795562603 0.105046522892227 0.994447477425599 0.00628033996814149 -0.862729594086657 -0.990677559474502 0.105194933383236 -0.0865563350895904 19.0657166841492
-0.0873568837060299 0.00366456259629731 0.99617033977636 87.8833486177032 0.104486886311288 0.994511032360421 0.00550428036909659 -0.859463950837166 -0.990682222237859 0.104567573818978 -0.0872602833336529 18.9108782844994
-0.0883583027919721 0.0044022484117116 0.996079028258624 89.7325256615705 0.103697877963449 0.994597246078307 0.00480293653155426 -0.859773485046956 -0.990676314662665 0.103715660834659 -0.0883374284436109 18.7483270453997
-0.0898137048628123 0.00503292882213559 0.995945866021988 91.4462994517873 0.102867190915385 0.99468602037706 0.00424992936706105 -0.858720124927763 -0.990632040392392 0.102831855443334 -0.0898541599153206 18.5992054481805
-0.0907088513412559 0.00426703092569025 0.99586831294877 93.36928626637 0.101753911772969 0.994797005961934 0.00500583340423879 -0.861286857204041 -0.990665456007854 0.101787569851389 -0.0906710808168727 18.4297629541139
-0.0917777499215562 0.00399868161619602 0.995771487423028 95.2661370994375 0.101623432557552 0.994808435972664 0.00537156149019576 -0.862277134961654 -0.990580396825294 0.101686706422003 -0.0917076396080962 18.2583293682096
-0.0921390393032406 0.00312225526212016 0.995741256029072 97.0502967782557 0.0993095136355021 0.995038081317182 0.00606936817978772 -0.856083268995433 -0.990781518770791 0.0994458055963144 -0.0919919225342321 18.1041496867653
-0.0939512123290256 0.00404322561444651 0.995568592327288 99.1070334226526 0.0989737877191418 0.995075932427655 0.00529887231010997 -0.858843195870538 -0.990644920769512 0.0990330299943573 -0.0938887635646786 17.90329951372
-0.0966161279535995 0.0049142314029521 0.995309587087843 101.042399038307 0.0978255425791599 0.995193028884574 0.00458240969803123 -0.857926269701799 -0.990502643630166 0.0978094350728286 -0.0966324343705955 17.7196151306943
-0.100641914978508 0.00583304033153274 0.994905613910159 102.94968325478 0.0983538118597796 0.995143002974639 0.00411476892056224 -0.858250438685281 -0.990049358689813 0.0982668777926177 -0.100726799248169 17.5325780950633
-0.105276509906908 0.00514747635437277 0.994429665662184 104.798461294134 0.0963438904764599 0.995335309595947 0.00504739927087287 -0.858193372200324 -0.989764977774866 0.0963385953744442 -0.105281355479489 17.352785105897
-0.110275406727756 0.00432080105488057 0.993891676868899 106.810011590837 0.0948027533913099 0.995476825357313 0.00619097132537551 -0.864586298917654 -0.989369381283075 0.0949063794208233 -0.110186235641191 17.1371955133906
-0.114943901455963 0.00517742781831777 0.993358492065814 108.781483029066 0.093530086042967 0.995600515734444 0.00563347797586928 -0.868532649734301 -0.988959060084328 0.0935564391717402 -0.114922452839414 16.918165994966
-0.119720378756797 0.00698853077408685 0.992783053515696 110.757869178097 0.0940313064338566 0.995559819363813 0.00433122137909395 -0.873489712332685 -0.988344648551644 0.0938712229914589 -0.119845939328024 16.6863532820227
-0.124429168030758 0.00873153280444897 0.992190073765132 112.721012296557 0.0935105938043028 0.995613868640743 0.00296536955199072 -0.879817903966141 -0.987812305546727 0.0931492614307704 -0.124699896172218 16.4478051361016
-0.129240061667116 0.0090564982615538 0.991571977367008 114.684094860823 0.0921992410476099 0.995736289615662 0.0029225832203117 -0.888427764123471 -0.987317733260436 0.0917998985929364 -0.129524021740378 16.203054126433
-0.134276676521657 0.00879883082349211 0.990904816174812 116.688667499748 0.0903427793636055 0.995904929557066 0.00339904410014056 -0.898001190140987 -0.986817083536335 0.0899775075231325 -0.134521714904202 15.9421116659327
-0.139772204547913 0.00826398665995395 0.990149199545352 118.726334652115 0.0884129277534315 0.996075192402552 0.00416716765736045 -0.90304087875077 -0.986228617026439 0.0881244438547113 -0.139954268793113 15.672027357293
-0.145188376447482 0.00761504549086179 0.989374724978719 120.730383324734 0.0875189964978933 0.996149403515973 0.00517601456463646 -0.911840948422022 -0.98552562655496 0.0873405802416248 -0.145295775735258 15.3835982578192
-0.150746330078878 0.00738594043265415 0.988544886108706 122.752826957312 0.0876835976037317 0.996130734010392 0.00592853027181045 -0.916430109544604 -0.984676155230245 0.0875728761880196 -0.150810678259668 15.0883173499237
-0.15640003079924 0.00914219349698536 0.987651482388429 124.69155157358 0.0881894604250928 0.996092417622209 0.00474495790006581 -0.922777497911095 -0.983748773537191 0.0878425628815899 -0.156595129906604 14.7941172997186
-0.162056527823991 0.010061184945863 0.986730183153995 126.795624589404 0.0879659093315663 0.996114246557014 0.00429029155447851 -0.92918422654783 -0.982852827530705 0.0874938875787155 -0.162311857395757 14.4608143305674
-0.168183120129478 0.0100191989739252 0.985704851238663 128.811504681875 0.0882398082778756 0.996087055463463 0.00493094039828719 -0.935446705864642 -0.981798438753392 0.0878077080332279 -0.168409121104987 14.1255377906367
-0.173754456170409 0.0100415131796452 0.984737811284805 130.822340099941 0.0873860546875952 0.996160629006896 0.00526105148450106 -0.942250388986464 -0.980904208578525 0.0869664833694508 -0.173964836571328 13.7840609272765
-0.179037031549543 0.0108432060382603 0.983782580765049 132.797818270175 0.086961925198864 0.996199849380383 0.00484599424358094 -0.942584646344045 -0.979991512667143 0.0864192396247124 -0.179299609935581 13.4315289877136
-0.184293042409112 0.0113596840925939 0.982805693968502 134.889776169157 0.0862004588036509 0.996266967014164 0.00464879967714663 -0.953779626845175 -0.979084038998509 0.0855750431709772 -0.184584280383385 13.0587925569698
-0.188598995425707 0.0105177932977673 0.981997858932778 136.827920315682 0.0871892526596943 0.99617323838348 0.00607563570447656 -0.955163656912734 -0.978176084938217 0.0867655182242056 -0.188794310566359 12.6890803035386
-0.192699423071869 0.0104793813655519 0.981201872661261 138.816859504844 0.0892196067123442 0.995988184387325 0.00688464515672751 -0.955121166472073 -0.977193324847169 0.0888691123340093 -0.192861314801859 12.3196346300238
-0.196246703026782 0.0112219244634339 0.980490336496212 140.863504925883 0.0904629202954773 0.995877230991785 0.00670826682149953 -0.955003864348168 -0.9763727216605 0.0900144944076858 -0.196452791259877 11.9165156640165
-0.199351105903112 0.0116807323908351 0.979858508697057 142.94957134182 0.0908774156061103 0.995840098556672 0.00661766117233989 -0.957149443183815 -0.975705094743264 0.0903662470032439 -0.199583339722002 11.4907070945455
-0.202699768062196 0.011583866154291 0.979172414885373 144.986287913817 0.0899944797631575 0.995918721548382 0.00684789614368972 -0.960827184545168 -0.975096814495715 0.0895081790360836 -0.202914977874857 11.0826587671972
-0.206837134210186 0.012094769630404 0.978300626831704 147.057957765052 0.0887102173181024 0.996036648066526 0.00644151005386067 -0.964226908811255 -0.974345368570659 0.088117604688203 -0.207090295496725 10.6587097671006
-0.211337426969833 0.0128179859097257 0.977329110995364 149.139127794133 0.0875429923565847 0.996143473598438 0.00586553462977486 -0.965690359487303 -0.973484831135558 0.0867979218901939 -0.211644523445608 10.2226214103342
-0.215947511284597 0.0124382230393999 0.976325746345763 151.193951771757 0.0865503317711105 0.996226587974665 0.00645178135616578 -0.970360268298621 -0.972561418338348 0.0858945633901192 -0.216209184679378 9.78360435126081
-0.220517842921991 0.0131776858491248 0.975293919569221 153.334268522074 0.0869359764146177 0.996194629366554 0.00619648497712379 -0.964135698129788 -0.971500909396316 0.0861545646898437 -0.220824305784564 9.32613945954284
-0.224979021932681 0.0137616606902894 0.974266419612859 155.3304804386 0.0866040399726006 0.996225181432941 0.00592689963875266 -0.97202658457912 -0.970507176661069 0.0857088360319343 -0.225321582356002 8.86474137311487
-0.229609306273753 0.0137988940554926 0.973185057938793 157.44210489006 0.0859940363314484 0.996276591102401 0.00616277022158266 -0.968847538824496 -0.969476452621678 0.0851031406249134 -0.229940999536543 8.3844002941868
-0.233918153886006 0.0131378427493616 0.972167523820075 159.483000183505 0.0857700848295226 0.996289129626485 0.00717375330193366 -0.977661940042034 -0.968465688515034 0.0850609621153767 -0.234176947826013 7.90478143335008
-0.238127523105441 0.0131803614882238 0.971144459290536 161.570653466589 0.0863172896385686 0.996238369998458 0.00764432157004956 -0.971845260386906 -0.967390618235012 0.0856468809347697 -0.238369468550455 7.41127091868947
-0.242190342990635 0.0140319890084296 0.970127280848522 163.652632128313 0.0873877537802856 0.996146828725558 0.00740784106543605 -0.978665044295357 -0.966285267532997 0.0865713515227867 -0.242483366118593 6.89592407851509
-0.245839917354142 0.0151589778875391 0.969191900721789 165.730855345864 0.0875996680654527 0.996133631978179 0.00663968348525966 -0.979469733867442 -0.965343997334697 0.0865331880342278 -0.246217331190356 6.37910174116402
-0.249307239625121 0.0169302824680892 0.968276440798832 167.738873528718 0.0877005460951605 0.99613350206277 0.00516335963996586 -0.979743545857263 -0.964445184800626 0.0862056355681675 -0.249828088715371 5.87397334342671
-0.252813183805894 0.0178978297972263 0.967349555115666 169.904933329749 0.0885038889767175 0.996064737766298 0.00470104398539114 -0.985959636389153 -0.963458642459511 0.0868026835247922 -0.253402325172779 5.3147981889783
-0.256148131673156 0.0187199279128573 0.966456258161377 172.006000765491 0.0882534369145755 0.996089628689712 0.00409664369406556 -0.991500352996018 -0.962600366462177 0.0863424340387072 -0.256798595344981 4.76598718577384
-0.259738199510152 0.0186834609379832 0.965498314862643 174.103236606424 0.0884182341092297 0.996073222958839 0.00451113970043081 -0.999140879479059 -0.961622734544182 0.0865393713391206 -0.260370224134788 4.21104159258473
-0.263808816298697 0.0188269985175665 0.964391234183462 176.121271441924 0.0879939014335472 0.996110278819293 0.00462447197563004 -1.00740159049811 -0.960552956246341 0.0860805236820139 -0.264439334610127 3.67084330949075
-0.267541760091537 0.0194720403680334 0.963349493305015 178.303277545892 0.0902571679347391 0.995906259689901 0.00493614696610734 -1.01388265601668 -0.959309673798572 0.0882698224444593 -0.268204004821145 3.06939457430863
-0.270774028062698 0.0195816866126614 0.962443755902705 180.418862363234 0.0922773774224989 0.995717010588705 0.00570266957819264 -1.01977718799746 -0.958209951598671 0.0903559205237591 -0.271421252453778 2.47848419501679
-0.273503460866992 0.0191791115469533 0.961679790041388 182.390119045026 0.0930136403601433 0.995642980690458 0.00659679534126476 -1.02686411935524 -0.957363211952879 0.0912535844889949 -0.274095719990623 1.92535955844525
-0.276450313006574 0.0185702510606137 0.960848775934129 184.650590979684 0.0925375601703415 0.995681837511435 0.00738094896148488 -1.02923912998606 -0.956562608717426 0.0909550670682915 -0.276975001359897 1.28166364480404
-0.279218061697627 0.0190940498430681 0.960037859296399 186.69078742887 0.0915662355235934 0.995775589882746 0.00682635376371239 -1.03567217126348 -0.955851922911629 0.0898130940022665 -0.279786900357901 0.698352979097422
-0.282285645888729 0.0210176815598002 0.959100136162557 188.762998258486 0.0908134755805865 0.995855837863545 0.00490538949228622 -1.03982669373418 -0.955022369778927 0.0884839378359013 -0.283024497114463 0.0859874102639822
-0.285528901581298 0.0228401266331727 0.958097894255675 190.90315317356 0.0902337885833189 0.995915631034618 0.00314948548474947 -1.04969747648919 -0.954112734303279 0.0873520719633964 -0.286423647354794 -0.526048301166213
-0.288767519724622 0.0237766899695183 0.95710395912157 193.043075634669 0.0892584159863163 0.996006100448144 0.00218701753436883 -1.06122048384774 -0.953229382010282 0.0860611229544173 -0.289736480941081 -1.16189732755421
-0.292164458822498 0.0246679255636376 0.956049905836167 195.183861008585 0.0876148470618782 0.996153848242391 0.00107201035429084 -1.07340933463764 -0.95234634853885 0.0840773696083723 -0.293202026501279 -1.80412745490557
-0.296004090650081 0.0250477448148527 0.954858203503593 197.326707843743 0.0884232318009996 0.996082169716671 0.00128189328574333 -1.08683012183016 -0.95108512258172 0.0848110939218411 -0.297059199405599 -2.46049314054986
-0.29956656708767 0.0243637191212327 0.95376426913252 199.360295768141 0.0880476802879773 0.996113811372993 0.00220925052345109 -1.09915249654334 -0.95000393571775 0.0846385490338233 -0.300547563853435 -3.09052692043437
-0.303389217466744 0.0236431441527159 0.952573348598149 201.5797203399 0.0878303858804947 0.996130144975144 0.00324924420164308 -1.11232414400308 -0.948810205489486 0.0846506704425453 -0.304291731653404 -3.78514729194782
-0.307390065924174 0.0234833403168853 0.951293792736342 203.734832591465 0.0878469958050738 0.996126747615309 0.00379578889963448 -1.12365119505615 -0.947520053982582 0.084735089619995 -0.308262407516609 -4.47061888502853
-0.311123087371521 0.0236239123074655 0.950075962895443 205.889040072157 0.0868823778163205 0.996211778094685 0.00368043617098033 -1.13499201476821 -0.946389918019732 0.0836899274268756 -0.311996985751287 -5.16384707284541
-0.314893813186195 0.0242478340773136 0.948817120924585 208.042251499255 0.086145295063797 0.996277670232729 0.00312920661155431 -1.14847362719211 -0.94520943422896 0.0827214986457904 -0.31581051139309 -5.86452461399227
-0.31813520540623 0.0250140064729661 0.947715300373116 210.077827743112 0.0863780310108951 0.996258772670689 0.00270067313347726 -1.16169785024117 -0.944102127335712 0.0827209608071827 -0.319105649908177 -6.54262404522814
-0.321025504137422 0.0255358279960661 0.946726226098058 212.350455336947 0.0871111431162858 0.996195025306433 0.00266838896873366 -1.1795951661152 -0.943055817244286 0.0833270246874915 -0.322028465385348 -7.29836033758278
-0.323646286452656 0.0252145940809058 0.945842114472992 214.507297759465 0.088205210199995 0.996095718990634 0.00362760280434253 -1.19462853044384 -0.942057812535399 0.0846022626994487 -0.324606738973721 -8.03021482251103
-0.326359068746074 0.0246353805841025 0.944924788684619 216.639007816921 0.0893797296462462 0.995985552101509 0.00490346137102251 -1.20624307187854 -0.941010638715397 0.0860574112353468 -0.327250820924732 -8.75999550392362
-0.32902240495486 0.0253600163250881 0.943981528743922 218.796322913644 0.0906126232556592 0.995874508313191 0.00482868498533995 -1.2164871561855 -0.939964685264531 0.0871253881710202 -0.329962963363467 -9.50679582099986
-0.331564875216407 0.0263877086463974 0.943063318317027 220.923204396582 0.0906663740537596 0.995873243721263 0.00401136585627197 -1.23299959252908 -0.939065675093426 0.0868341595944935 -0.332589065648355 -10.2526115459302
-0.334416214678531 0.0264521002760873 0.942054181961455 223.063864977112 0.0899831869188134 0.995935341065597 0.00397774917354721 -1.24250988112096 -0.938119833194042 0.0860992613646458 -0.335437171107267 -10.9981338070249
-0.337229715344901 0.0277675762805331 0.941012795234955 225.174091354547 0.0898670012977469 0.995949791564159 0.00281687079189855 -1.25914013435331 -0.937123279598874 0.0855159306258914 -0.338359253520633 -11.7461926830898
-0.340171129959924 0.0289589912857795 0.939917538492339 227.286212402218 0.0896456779489437 0.995972168943753 0.00175815657748586 -1.27732460825894 -0.936080794999482 0.084857619063858 -0.341397026524764 -12.50274392119
-0.342713164068441 0.0290010585636511 0.93899234596262 229.371408422872 0.0874201258724703 0.996170880443975 0.00113953846637499 -1.29904055666848 -0.935363784185938 0.0824773639107275 -0.343936150579869 -13.2536724509119
-0.345763601295708 0.0299027620097479 0.937845060147576 231.460216180174 0.0882379150893031 0.996099129335529 0.000771283147080958 -1.32166232819807 -0.934163584368239 0.0830201744227776 -0.347053379581724 -14.0168149707451
-0.348479220789294 0.0294479637830472 0.9368538040202 233.767995515353 0.0898852010266736 0.995949857471012 0.00212885881785227 -1.3417778077435 -0.932996722027726 0.0849511555689751 -0.349714766421172 -14.8668988903672
-0.351130057029496 0.0284412768998536 0.935894639806623 235.731446715655 0.0901897567698442 0.995918193211338 0.00357214283868213 -1.36294773488907 -0.931972902408788 0.0856623966450242 -0.352261923824832 -15.5951676963925
-0.354141884318028 0.0280771320211842 0.934770132401085 238.123592845305 0.0893039030082479 0.995996721780245 0.00391702827389176 -1.38229042119728 -0.93091800856959 0.0848658050127966 -0.355231553300604 -16.4993922627143
-0.357359224947693 0.0284041550529371 0.933534995766368 240.061563600947 0.0879576380970685 0.996118542488467 0.00336202484200747 -1.39280885169663 -0.929816023869867 0.0833129839003613 -0.358470512690303 -17.2221750002144
-0.360794871902566 0.0276527681486111 0.932235155324305 242.161489727564 0.0863533220729467 0.996257063544035 0.00386873436436308 -1.41134099489867 -0.928638877161503 0.0818974221348586 -0.361832348017542 -18.0261338483606
-0.364530506578423 0.0270970694721462 0.930797109256201 244.281036833289 0.0854935362567766 0.996328665378816 0.00447725393274284 -1.42612072312416 -0.927258521142831 0.0812092320520808 -0.365508817400513 -18.8377003746127
-0.368054600455557 0.0273131685429032 0.929402927640992 246.658130292754 0.0850219567946991 0.996369413234633 0.00438853429664145 -1.44237248891581 -0.925908784895305 0.0806348757958951 -0.369040565329992 -19.7749687265949
-0.372015530703892 0.0270680776790309 0.927831754191385 248.539359917967 0.0843980392610156 0.996420701128564 0.00477046448013599 -1.45659080236109 -0.924381639737613 0.0800818676931434 -0.372968468617362 -20.5064780072216
-0.37594533708207 0.0263959263568217 0.926265814222901 250.754417527518 0.0834015673605574 0.996501100922306 0.00545292787722952 -1.47262217827826 -0.922880968537141 0.0793020235075821 -0.376831403918983 -21.3889445851729
-0.379920458334387 0.0263505559952444 0.924643765748589 252.938241732562 0.0826527788984522 0.996562892553997 0.0055605147940638 -1.48607587639428 -0.92131914311999 0.0785369300593862 -0.380792577576683 -22.2687580053653
-0.383851144573928 0.0272185121276991 0.922993743969503 255.242163775648 0.082699313520292 0.996561978345116 0.00500468382026696 -1.50250728956142 -0.919684251443156 0.0782520026224421 -0.384782408294635 -23.2148908629527
-0.387384760050795 0.027531194222512 0.921506962005752 257.08373636536 0.0831063079263403 0.996527308287409 0.00516385711497796 -1.51225159704051 -0.91816468526253 0.0785834408901387 -0.388327508109619 -23.9729535456491
-0.391288879750182 0.0273655801523025 0.919860933840967 259.467923133773 0.0828327115079835 0.996547797849088 0.00558824716419336 -1.52788740225275 -0.916532462320939 0.0783811943329574 -0.392204836643885 -24.9694247764651
-0.395036978998649 0.0277910737848532 0.918244761183806 261.329205379213 0.0816536584694798 0.996648402137679 0.00496412882196016 -1.53935781694229 -0.915029215534766 0.0769390585742788 -0.395982216751628 -25.7555239347719
-0.398811054994912 0.0281191290277393 0.916601907589422 263.78814429461 0.0821560079166367 0.996606058913256 0.00517239795350639 -1.55701015560918 -0.913345571389629 0.0773671630610122 -0.399767669156529 -26.8124692761807
-0.402318222179051 0.0286068755137473 0.915052837149871 265.628774403389 0.0828238677813849 0.996550318462928 0.00526019934688968 -1.56256495661212 -0.911745718404216 0.0779044892466302 -0.403299684511161 -27.6076540196523
-0.405920469173979 0.0297009060116386 0.913425655917144 267.917679215015 0.0839510424491288 0.996457800647273 0.00490652635819194 -1.57502670291797 -0.910044391871782 0.0786746954953553 -0.406976039972173 -28.604832480844
-0.409308490979065 0.0316592377529456 0.911846616420406 270.003197705484 0.0861145167425747 0.996276955134311 0.00406431722416798 -1.58744345693399 -0.908323097371543 0.0801867902662796 -0.410510937062775 -29.5292970314431
-0.412186021781463 0.032314974439898 0.910526455340492 272.131642319151 0.0872021651197933 0.99618211340394 0.00412059855847126 -1.60250262650238 -0.906917011554195 0.0810983314317163 -0.41343027803077 -30.4855899769915
-0.414993279237962 0.0344097807286522 0.909173550636802 274.271133616981 0.0892802045789343 0.996001860255602 0.00305604936546712 -1.61701992295215 -0.905433389740884 0.082439440546298 -0.416406190377553 -31.4544474864329
-0.417728704406668 0.0368331650168688 0.907824899124036 276.427442507655 0.0909462077991605 0.995854760429196 0.00144340481538271 -1.6343936499175 -0.904008582261075 0.0831661835444507 -0.419346955530826 -32.4298239233169
-0.420712066682527 0.0372905210374258 0.906427478615071 278.483548008798 0.0919723334783332 0.995760072681535 0.00172265139083209 -1.64621043354994 -0.902520053418353 0.0840909905639205 -0.422357974334226 -33.3894225489475
-0.423957020683577 0.0383774828125275 0.904868837692005 280.712282832096 0.0921980910995464 0.995740216627228 0.000965913433544798 -1.65440021529244 -0.90097722313647 0.083836685312192 -0.42568938627262 -34.4140254831884
-0.427427727475138 0.038349160956877 0.90323578297106 282.803761738038 0.0913345002359498 0.995819824757923 0.000941108787168248 -1.66781088201117 -0.899424008380969 0.0828988448230947 -0.429143606121433 -35.3844655024613
-0.430969585177985 0.0396306708729958 0.901495771802437 285.028739250222 0.0923326495413521 0.995728149076125 0.00036737733727296 -1.68189250963842 -0.897630156846454 0.0833958216194935 -0.432787752202186 -36.4232657363718
-0.434242577635537 0.0399680220523291 0.899908851485343 286.98879551471 0.0915253508611419 0.995802744658201 -6.2297177360879e-05 -1.69575617887005 -0.896134194146273 0.0823374212883666 -0.436078037898485 -37.3614144167369
-0.437121274044419 0.039761328219822 0.898523248756525 289.147648579613 0.0898468056344353 0.995955530846811 -0.00036344591756908 -1.71055284179262 -0.894903650285924 0.0805705737465148 -0.438925778863676 -38.3951352035438
-0.439873934924405 0.0402341307904269 0.897157810027678 291.30982302281 0.0913884171323346 0.995815311707997 0.000148936067490187 -1.72660782001265 -0.893397491930757 0.0820553452704003 -0.441710133146602 -39.4426112212531
-0.442130100773988 0.0401902169205703 0.896050065818568 293.529183279422 0.092872344015978 0.995677340900111 0.00116641976279968 -1.73910729138071 -0.892129868184314 0.0837339792555132 -0.443951482722466 -40.5281142192482
-0.444308322050384 0.0402462281913894 0.894969472145916 295.800310958328 0.0938080034580095 0.995588679283119 0.0018000473650455 -1.74907952021367 -0.890949029655454 0.0847550753622516 -0.44612375385799 -41.645591972458
-0.446437645007482 0.0399812804113527 0.893921096258972 298.073170392571 0.0936574544005305 0.995601949381891 0.00224491028575119 -1.75974733854433 -0.889899831641397 0.0847245867717708 -0.448218734593911 -42.7549091819951
