0.999999999992354 -2.60139417442785e-06 2.91963042881992e-06 6.43552544555352e-05 2.601397026864e-06 0.999999999996139 -9.76981974485774e-07 9.10026617278321e-05 -2.91962788729343e-06 9.76989569596221e-07 0.999999999995261 0.000427104087009484
0.999990977053582 -0.00258776352477431 -0.00336887093273095 -0.00209230342575096 0.00258056176925815 0.999994379828057 -0.00214033017434013 -0.0057693395248734 0.00337439066745318 0.00213161728272108 0.99999203481597 0.673030928488332
0.999971595879735 -0.00119503492558157 -0.00744172864744273 -0.0141388843036394 0.00116697289610592 0.999992197129353 -0.00377410316094261 -0.00818434954324324 0.00744618076568678 0.0037653116652308 0.99996518780409 1.36621663260844
0.999934514901649 -0.00123419672494109 -0.0113772873238117 -0.0291465412353376 0.00117425573869215 0.999985404745541 -0.0052736533216179 -0.0120938165801403 0.0113836299950661 0.00525994813098073 0.999921369865548 2.07314827980569
0.999869186824159 -6.61986444168627e-05 -0.0161742034528445 -0.0447727804610701 -2.69515786507239e-05 0.999983417042034 -0.00575889872711293 -0.0184360284622272 0.0161743164679975 0.00575858130759757 0.999852604251305 2.80426759148365
0.999783403860681 -0.000926749167575879 -0.0207915006849398 -0.063416184812198 0.000797454590623764 0.999980299952999 -0.00622605590126225 -0.0270269141659113 0.0207968610835229 0.00620812708392369 0.999764447121012 3.54436580824591
0.999678470442271 0.000927599203524904 -0.0253395993243782 -0.0907866730720601 -0.00111952563783514 0.999970788287399 -0.007561033938846 -0.0352213507110856 0.0253318455022258 0.00758697117404378 0.999650306593188 4.30117466370602
0.999545049952044 0.00331448296863399 -0.0299784475751757 -0.120603559287862 -0.00355072948709505 0.999963035178934 -0.00783074682542515 -0.0465856340319817 0.0299513845502406 0.0079336295845639 0.999519870780536 5.07173944809194
0.99939123866492 0.00377690893090003 -0.0346826619324985 -0.156549696861432 -0.00400230070428323 0.999971307887219 -0.00643156212733097 -0.0531117706328088 0.0346573753892124 0.00656645728326254 0.999377680344062 5.87160519554124
0.999228124658681 0.00298696241259745 -0.0391692857560642 -0.192376772686876 -0.00313631838428486 0.999988042194107 -0.00375219612877529 -0.063629987627217 0.0391576097085468 0.00387214725212375 0.999225544147852 6.66732722347781
0.999104008269035 0.00254258940596507 -0.0422458980240877 -0.224863282935153 -0.00258259260613793 0.99999626694417 -0.000892363802043588 -0.0748040452254384 0.0422434714030424 0.00100066819533261 0.999106845030592 7.47236676637862
0.998968572660209 0.00395459067282151 -0.0452344122304563 -0.272781264585725 -0.0040358873521512 0.999990400466767 -0.00170604442931145 -0.080544259315383 0.0452272312938252 0.00188684576064705 0.998974943310677 8.29330261241727
0.998870326877001 0.00351721078500322 -0.04738880999695 -0.319201555056465 -0.00361245217991044 0.999991623607322 -0.00192429323116548 -0.0880457130545072 0.0473816449047628 0.0020933092187983 0.998874665702676 9.11261454931756
0.998806877424126 0.000476820206467168 -0.0488323074691182 -0.351620278772037 -0.000588787467316145 0.999997230801634 -0.0022785342615528 -0.0997263021901383 0.0488310857915952 0.00230456754152339 0.998804392275515 9.9319317592358
0.99869165075562 0.000466404517494041 -0.0511348137557981 -0.402658223860448 -0.000553760612493324 0.999998411525717 -0.00169419456587184 -0.103854101992867 0.0511339423494625 0.00172029441347689 0.998690322636068 10.775658379885
0.998629415658466 -0.000978525768148907 -0.0523290805284376 -0.442252304260868 0.000892919769951396 0.999998224756799 -0.00165927018121501 -0.118347625894305 0.0523306112702219 0.00161027034093904 0.99862851659339 11.6290314408502
0.998523134232984 0.00151224374933551 -0.0543071221883606 -0.499670780109733 -0.001739531300172 0.999989924615051 -0.00413820000012247 -0.126828042422031 0.0543003170561153 0.00422655737307414 0.998515704323361 12.469303117071
0.998447741821337 0.00204794182201403 -0.0556588967386739 -0.55489319188214 -0.00242917951401428 0.999974046388594 -0.00678274546998151 -0.137568634566602 0.0556435615211806 0.00690742234958217 0.998426803314957 13.3371516784783
0.998336702584774 0.00568972051930147 -0.0573712066508422 -0.607377311451688 -0.00616706070207328 0.999947798877352 -0.00814658717725098 -0.151853057796738 0.0573218600052226 0.00848684869382308 0.998319677139938 14.2244452210318
0.998269027638299 0.00687680525070509 -0.0584093999937406 -0.669719224156599 -0.00735333775914647 0.999941381321594 -0.00794747409319805 -0.164168675488272 0.0583513228803325 0.00836322128166045 0.998261077898918 15.0931572015113
0.998194288777154 0.00606128426951429 -0.0597613812229549 -0.727372347773017 -0.00646320939927334 0.999957762757122 -0.00653449508621843 -0.178447221198844 0.0597192496347062 0.00690894599593937 0.998191303152002 15.9885127550474
0.998110542702306 0.00637267162502846 -0.0611124668367043 -0.783775023868416 -0.00667287495760608 0.999966646225626 -0.00470947726121019 -0.194279885427043 0.0610804165531628 0.00510837475458285 0.998119775989364 16.919263040952
0.998053902760697 0.00608858957669386 -0.0620591351946515 -0.845614831042263 -0.00639929614092672 0.999967960316185 -0.00480909034952443 -0.207096008873903 0.0620278662622065 0.00519686617643204 0.998060888117004 17.8062619097806
0.997952194988242 0.00573706690088017 -0.0637063778716375 -0.904743741502839 -0.00609063160923636 0.999967102337149 -0.00535709343265959 -0.222148544145251 0.0636735480772794 0.00573413522865469 0.997954307054401 18.7096175056724
0.997891580464056 0.00455388191700359 -0.0647429980649255 -0.967285951105014 -0.00497295522646236 0.999967706109025 -0.0063131969215292 -0.234297575276432 0.0647121577083051 0.0066218500844094 0.997882000913031 19.6340510397847
0.997855448326615 0.00436250543875044 -0.0653105871293954 -1.02803643390372 -0.00465884726593896 0.999979529685854 -0.00438581251424965 -0.247172255955075 0.0652901170702131 0.00468067896296772 0.997855346158652 20.5508479752988
0.997852455612373 0.0060189559675558 -0.0652246042335101 -1.09794175909937 -0.00610256900254748 0.999980792948236 -0.00108276783598635 -0.259428098611335 0.0652168343292324 0.00147848019199591 0.99787002090272 21.4951552473473
0.9979017370115 0.00703261518733492 -0.0643635424216111 -1.16387985541463 -0.00687244197230955 0.999972713345813 0.00270963192136662 -0.271936852652324 0.0643808419544891 -0.00226161169056875 0.997922838851678 22.4198517637779
0.998007640939528 0.0056518287506514 -0.0628395214661258 -1.22326843355472 -0.00531053103902429 0.999970235734463 0.00559695499776391 -0.27608773633784 0.0628692841250951 -0.00525209262453977 0.998007950187102 23.373253103704
0.998108176397273 0.0058167892918025 -0.0612064798141839 -1.28718094644946 -0.00543741001196289 0.999964972235114 0.00636308692302848 -0.280942398678974 0.0612413486238762 -0.00601824435886264 0.998104843167072 24.3070213118483
0.998187852448278 0.00595802136350133 -0.059879155021824 -1.34799501501853 -0.00575547692706676 0.999977119898164 0.00355445713360258 -0.287441493264532 0.0598989625121969 -0.00320338283766985 0.998199305063051 25.2517546331439
0.998235327590514 0.006941898642325 -0.0589749166468165 -1.40702676125587 -0.00702913972245075 0.999974486323678 -0.00127196558834287 -0.295669755559594 0.0589645821236913 0.00168426391499366 0.998258654512969 26.2239822962338
0.998301920541195 0.00587468724937975 -0.0579548401212781 -1.46596706768177 -0.00613208649174076 0.999972105246466 -0.00426453329325883 -0.301127751863278 0.0579281706859343 0.00461267586911084 0.998310097245494 27.150217469096
0.998355275135563 0.00329560137571276 -0.0572353354193543 -1.52324167012491 -0.00348732615665384 0.999988637299443 -0.00325020434438671 -0.311779982553994 0.0572239736934679 0.00344445693477977 0.998355423960402 28.116436105589
0.998356841924822 0.00174997886080723 -0.0572761185476399 -1.57714926138563 -0.00164999391981834 0.999997031491826 0.00179291037171574 -0.326555888377549 0.0572790860782636 -0.00169545908920598 0.998356765748856 29.1087267804171
0.998293738655504 -0.00229190594997826 -0.0583468810506032 -1.63359359623751 0.00259832703911971 0.999983226710195 0.00517638820650928 -0.332233343693805 0.0583340385865282 -0.00531916021409049 0.998282949106516 30.0631819466456
0.998205408761072 -0.00959417934955153 -0.0591093363416392 -1.68482841309525 0.0098875004316589 0.999940203725079 0.00467186359609509 -0.345063227801274 0.0590609791262753 -0.0052479230992091 0.998240582248483 31.0889746695939
0.998081647572011 -0.0117703628551975 -0.0607822617068188 -1.74214609386583 0.0118282570869101 0.999929868029088 0.000592754263245145 -0.346927102224325 0.0607710219942465 -0.00131056536945715 0.998150873016794 32.0295493868731
0.997997203828476 -0.0116198715348856 -0.0621816672022939 -1.81078870488036 0.0114355522049863 0.999929102737606 -0.00331928367764855 -0.355803410454036 0.0622158283422403 0.00260155412752184 0.9980593282064 33.0127301402954
0.99789679889623 -0.0102251723880856 -0.0640111287378257 -1.87531727661859 0.00999731384090244 0.999942502016971 -0.00387896584227709 -0.37205292273459 0.0640471113214567 0.00323086825373368 0.997941646100464 34.0507579644218
0.997831974840095 -0.0103909940913505 -0.0649875159435174 -1.94914269813913 0.0102442360963204 0.999944169416319 -0.00259107643862222 -0.380221516500152 0.0650108115125343 0.00191971146307327 0.997882713095272 35.0116782602365
0.997793972109748 -0.00704700711938992 -0.066011581651334 -2.01762599020983 0.0070841092923404 0.999974853590399 0.000327997552245103 -0.399129415545949 0.0660076102959776 -0.000794907239475218 0.997818802942446 36.0323069085075
0.997700260030475 -0.00744981077152414 -0.0673698111515198 -2.09838156522509 0.00757187173107875 0.999970121376441 0.00155663511281482 -0.4041369995215 0.0673562015972624 -0.00206317082541422 0.997726859131563 37.0408856961212
0.997647229820713 -0.0057639013043767 -0.0683138512514932 -2.16163544062161 0.0060664492620008 0.999972685379814 0.00422216622540251 -0.419118785333091 0.0682876491351789 -0.00462665495112444 0.997654945880365 38.0312614074713
0.997650251366871 -0.00617752839018621 -0.0682335261481278 -2.24247234149089 0.0066838050990257 0.999951785678509 0.00719396050583922 -0.421017869519132 0.0681857954196989 -0.0076331160969672 0.99764343973267 39.0685152870047
0.997634228554833 -0.000431284380053914 -0.0687441634583325 -2.32458902409504 0.00108354890234426 0.999954748552789 0.00945128396062166 -0.424917078369708 0.0687369764943051 -0.00950341204576531 0.997589551479921 40.0718438137521
0.997623603573406 -0.000271174195275352 -0.0688989989605552 -2.38546720711565 0.000899161738006226 0.999958337524494 0.0090837615236808 -0.439709785100327 0.0688936651759774 -0.00912412624890816 0.997582283933919 41.0367485310466
0.997631628306097 -0.000563841814295513 -0.0687809296661143 -2.47061021997137 0.00106586692432839 0.999973060236077 0.00726241900436675 -0.436099330306613 0.0687749818685991 -0.00731853021472321 0.997605353325888 42.078234370525
0.997634075264496 0.00166860178714721 -0.0687274882360093 -2.54921866182662 -0.00132473979476429 0.999986378559578 0.00504854036102889 -0.441854172497842 0.0687349760720918 -0.00494554985585011 0.997622696514565 43.0745633064568
0.997571646091055 0.00177930560154028 -0.0696250313232241 -2.61078967731975 -0.00141210884639738 0.999984836854328 0.00532278216995585 -0.459462055239992 0.0696334464448625 -0.00521153844840475 0.997559032340047 44.0414648664188
0.997480555353227 -0.000669940847890524 -0.0709372460099606 -2.69121619870884 0.00112236181541815 0.99997928420318 0.00633809659533985 -0.460179743868236 0.0709315303385781 -0.00640174536801449 0.997460643664737 45.0632369296262
0.997419658042307 -9.03725979258058e-05 -0.0717914868460163 -2.7640157095538 0.000625179767178748 0.99997222390807 0.00742701572694569 -0.470048820064871 0.0717888215603717 -0.00745273407167681 0.997392010121311 46.0401690515439
0.997401938747209 0.00251226915284267 -0.0719934794756625 -2.82936899573743 -0.0022261810264152 0.999989305475873 0.00405377008718523 -0.486737607653068 0.072002893701202 -0.00388296762615965 0.997396864774031 46.9811777388309
0.997336241833007 0.00278802023471114 -0.0728879116835237 -2.91701516169201 -0.00281010336071065 0.999996031566051 -0.000200427669815741 -0.491721226626999 0.0728870636362615 0.000404716344550428 0.997340118595038 47.9794740264653
0.99729492091071 0.00365997230246305 -0.0734128417134563 -2.9954123440734 -0.00377540172698571 0.999991845496857 -0.00143362533116169 -0.502303548314371 0.0734069960392036 0.00170691023064441 0.997300606331895 48.946618033746
0.99729094707299 0.00261076814251153 -0.0735115689940384 -3.06163704441517 -0.00245418102855239 0.999994523508395 0.00222034877831779 -0.519717224525697 0.0735169632244036 -0.00203392303795662 0.997291892715136 49.945465823476
0.997268274584687 0.00070031294719328 -0.0738613435340624 -3.13727836829985 -0.000313119733203882 0.999986150660349 0.00525361242680089 -0.528460314768125 0.0738639997760307 -0.00521613355603093 0.997254682359432 50.8632374746695
0.997250363903542 -0.00118663956600743 -0.0740965827875578 -3.21047600967175 0.00162942557262713 0.999981174965841 0.00591563067133344 -0.538734061809039 0.0740881681954433 -0.00602009970654455 0.997233524172231 51.8278216234371
0.997239253410047 -0.00433377982278303 -0.074128872989002 -3.27321473122637 0.00470398374674292 0.999977318865534 0.00482019620030906 -0.552135846931151 0.0741063019930312 -0.00515558987379079 0.997237020922293 52.8244350054504
0.997174634501207 -0.00726766962494575 -0.0747658296657432 -3.34681075862671 0.00754482681638196 0.999965671121765 0.00342522500111802 -0.55810429165339 0.0747383696349813 -0.00397964272518541 0.997195235923279 53.7462466755554
0.997094885629779 -0.00859325367258353 -0.0756831886369549 -3.41470117091422 0.00897931535447483 0.999948345267303 0.00476221513037229 -0.571160711080721 0.0756383563194175 -0.00542796356856639 0.997120542494635 54.7133579129849
0.996962102266546 -0.0117477063175961 -0.0769971300799179 -3.48893094878531 0.0124653614951984 0.999883169809191 0.00884655272518686 -0.576159084430649 0.0768842077871802 -0.00977947486325313 0.996992066399897 55.6708122719422
0.99692099054627 -0.0125764655345129 -0.0773974878332863 -3.5634152743506 0.0136879902946825 0.999810424543921 0.0138475230636411 -0.582604100292149 0.0772086622726826 -0.0148643024715122 0.99690414533299 56.6627711777517
0.996891940289767 -0.0107556721410173 -0.0780434167761708 -3.64223377506816 0.0120459061685035 0.999798138802726 0.0160803541995837 -0.584602045333541 0.0778547078209389 -0.0169704791741249 0.996820268306537 57.5863626548051
0.99678395064012 -0.0097143271724525 -0.0795448778606166 -3.72072872604062 0.010712551017379 0.999869018467236 0.0121320715488202 -0.588669344139418 0.079416604038286 -0.0129451827701346 0.996757455575866 58.527712639251
0.996704270616017 -0.0083269901677173 -0.0806923674862745 -3.7998054348335 0.00871248169283711 0.999952248766635 0.00442638106149009 -0.59462065285152 0.0806516558946263 -0.00511482368183688 0.996729225507188 59.4478196885007
0.996639555704663 -0.00661770809025213 -0.0816443626005139 -3.88156789632335 0.006597905330265 0.999978102336307 -0.000512340835752231 -0.598423866571575 0.0816459653018129 -2.80626322745596e-05 0.996661394638331 60.382691596625
0.996574016659641 -0.00161758479223877 -0.0826898587392024 -3.96803653919827 0.00165284432358406 0.999998569985998 0.000357954746188968 -0.608817298983645 0.0826891614693929 -0.000493401862826981 0.996575265160685 61.2909485602444
0.996502035044991 0.000817326446927917 -0.0835645028027514 -4.05663786308424 -0.000586165309740206 0.999995934035249 0.00279075674307516 -0.629147083650889 0.0835664439917217 -0.00273201216112127 0.996498462391252 62.1865874419558
0.996403067682456 0.00377792784106212 -0.0846560923632668 -4.13217425471829 -0.00342044598541161 0.999984613074164 0.00436739787225028 -0.641056437538347 0.0846712894802667 -0.00406212704643544 0.996400658300469 63.0444091943687
0.996308104362581 0.00439478716216614 -0.085737080818275 -4.21522951726083 -0.00406357945281506 0.999983594026175 0.00403720206634688 -0.647291214618365 0.0857534168617835 -0.00367389769769327 0.996309617524711 63.9253219929507
0.996170407885823 0.00592980261323403 -0.08723162209635 -4.29455070883318 -0.00550728105590905 0.999971913331619 0.00508354239404014 -0.662915472790119 0.0872593164536806 -0.00458366544032839 0.996175085867523 64.7958961067619
0.996040118601398 0.00695075198751321 -0.0886327771387183 -4.37734684801768 -0.00647672662976328 0.999963150583957 0.00563466825733702 -0.67357183386953 0.0886686762542272 -0.00503830537135329 0.996048433225166 65.652769328358
0.995907979692488 0.00687661665757615 -0.0901110877094006 -4.45763552980416 -0.0063529474740123 0.999961233135722 0.00609690774732587 -0.683801644451171 0.0901495204824683 -0.00549948806996685 0.99591305824743 66.4827418988919
0.995805846944662 0.00654962269281648 -0.091256877184169 -4.53372765553771 -0.00591477864506972 0.999956403658325 0.00722538416204151 -0.693056415651975 0.0913002222582431 -0.00665531556659762 0.995801173021153 67.2845300578095
0.995656076271359 0.00958165170117204 -0.092613010611893 -4.6192622856971 -0.00870435146219778 0.999913384580158 0.00987206174389328 -0.697954047611926 0.0926995795542985 -0.0090230420662952 0.99565323916629 68.0984236204682
0.995529095542214 0.0110898031624064 -0.0938021118883808 -4.70124489975652 -0.00981641893501125 0.999853447047662 0.0140257743529533 -0.703875309753002 0.0939439079887226 -0.0130422656285896 0.995492059967873 68.8814703017687
0.995345050036839 0.0140412233845928 -0.0953471311211068 -4.78287358444437 -0.012594602486052 0.999796524718131 0.015757066661241 -0.709213136345467 0.0955489788296029 -0.014482859089711 0.995319365549173 69.6764199857819
0.995163504525097 0.0169374740581909 -0.0967611556041701 -4.86336058053699 -0.0158835429108719 0.999805952650515 0.0116520431338898 -0.715210738455651 0.0969397355366973 -0.010058778112855 0.995239422780746 70.3784111584992
0.995040564281939 0.0168799207244607 -0.0980272600342219 -4.94345147782977 -0.0165324736677509 0.999853842166939 0.00435564213812719 -0.722988639871972 0.0980864554763101 -0.00271340751569473 0.995174198154146 71.1017266164119
0.99491635772313 0.0155648749541114 -0.0994946018767037 -5.02140787847761 -0.0158009221045696 0.99987390161152 -0.00158484598669862 -0.733606548265968 0.0994573878381401 0.00314889565071728 0.995036839750466 71.8628770607996
0.994862828543462 0.0166504938126313 -0.0998534598213733 -5.0933575683031 -0.0169973241071174 0.99985209292787 -0.00262359313842044 -0.738448897191199 0.099795006667171 0.00430735691043709 0.994998695135197 72.5162227596513
0.994737793466983 0.0194690958252803 -0.100586661919882 -5.17112092204569 -0.0194730296810094 0.999809938024125 0.000942837863835806 -0.750064295898206 0.10058590042089 0.00102085059681037 0.994927853917347 73.193785842008
0.994611164020013 0.0196942058459184 -0.101787870902447 -5.24491074060699 -0.0194608676148752 0.999805222717628 0.0032850050579735 -0.766428036109861 0.101832740503391 -0.00128642242409012 0.994800702693216 73.8484312801825
0.994578968998626 0.0165523815287088 -0.102658136995358 -5.31747554527117 -0.0166368829864447 0.999861596937153 3.30874930940862e-05 -0.781052808684849 0.102644476471581 0.00167500328802992 0.994716696257713 74.5448759375094
0.994670795799404 0.00840593865509769 -0.102758689068653 -5.36891393097522 -0.00897784534456539 0.999946670833748 -0.00510429049649266 -0.793208599097309 0.102710302680648 0.00599964030840634 0.99469321805239 75.1179219917923
0.99479995048351 0.00435817050452153 -0.101754925521368 -5.42592152374081 -0.00539451093462251 0.999936326514166 -0.00991171877787655 -0.804542811590072 0.101705249470133 0.0104090954078148 0.994760118301397 75.7132943527483
0.995102081818692 0.00689710860032787 -0.0986117470338127 -5.48842975718983 -0.00793444027496628 0.999917199816094 -0.0101310497711305 -0.816106292568249 0.0985337070125162 0.0108638577355106 0.995074411879571 76.2972809324648
0.995488901033509 0.0117882158036516 -0.0941429014172816 -5.55837557430903 -0.0125103190849001 0.999896650746324 -0.00708376613658552 -0.830669247817533 0.0940496668547606 0.00822956830279638 0.995533492339689 76.9212620244813
0.99590784986149 0.0102514941083859 -0.0897912103315772 -5.59990514882026 -0.0106626836983752 0.999934742745801 -0.00410090553867466 -0.840120157786811 0.0897433103947709 0.00504153929216645 0.995952168088886 77.4294487729633
0.996434395484017 0.00651764864005995 -0.0841190570121096 -5.63649334070353 -0.00652954477356032 0.999978673357389 0.000133699088741847 -0.851948883867271 0.0841181344387279 0.000416036778402996 0.996455702162393 77.9732622553335
0.997108405131443 0.00214568248324169 -0.0759619935422421 -5.66706073771593 -0.00187639572306556 0.999991701037786 0.00361621274894156 -0.865511544575244 0.0759691223808791 -0.00346322136691491 0.9971041563159 78.5033348376194
0.997854154450872 0.00574059403872888 -0.0652237075396569 -5.70076758469457 -0.00552579924359487 0.999978701248565 0.00347312423512577 -0.874705454308108 0.0652422561524023 -0.00310525833315717 0.997864622773465 79.0169607016192
0.998687086237787 0.0107137115004348 -0.0500931149736574 -5.7254866593859 -0.0105794042644133 0.999939698196219 0.00294553503860183 -0.881707962483042 0.0501216518810855 -0.00241171249094252 0.99874020829021 79.5315042169318
0.999360365429177 0.0160702085476611 -0.0319469623985672 -5.74522731638733 -0.0159650110041506 0.999866265847066 0.00354525664542446 -0.888678929040761 0.031999663012259 -0.0030329553704693 0.999483277873533 80.0419519737968
0.999845445124182 0.0144735919439031 -0.00998003009350935 -5.73455582056401 -0.0144341602595126 0.999887773799808 0.00401183539877605 -0.893398400124179 0.0100369757411621 -0.00386716199628972 0.999942150414746 80.519417831427
0.999809644867157 0.0109405604903125 0.0161548186856891 -5.70557633890793 -0.0110217088937288 0.999927043123342 0.00494270813133006 -0.900805734692666 -0.016099564083278 -0.00511982097025175 0.999857285551074 80.9848120584772
0.998922476804982 0.00957004547247156 0.0454125485241087 -5.66532732551741 -0.00988052342411372 0.999929290843927 0.00661729319492325 -0.908098320515055 -0.0453460096443473 -0.00705886265745864 0.998946400898125 81.4593183558167
0.996862327312467 0.00929641057917585 0.0786071061387945 -5.60771753557894 -0.00995938363245063 0.99991803159043 0.00804616542096968 -0.916868991937545 -0.0785258623819821 -0.00880379751376195 0.9968732026123 81.8996799681609
0.99320599970346 0.00925826262327089 0.116000546232548 -5.5326760119215 -0.0103170231891037 0.999910394195573 0.00853010036101842 -0.922036435560198 -0.115911178000944 -0.00966892718206603 0.99321252039107 82.3373605913997
0.987505292500829 0.00917629130214777 0.157318444439264 -5.43529183075168 -0.0106506010739646 0.999906888794825 0.00853102792258812 -0.924592313050145 -0.157225513131982 -0.0100999712173274 0.987511077710926 82.7013247801275
0.979237348971951 0.00907194209028003 0.202513985307424 -5.32429840041392 -0.0110282495191591 0.999902771260936 0.00853379969550912 -0.933339658628787 -0.202416876991342 -0.0105899901515776 0.979242186600262 83.1879764152905
0.967798651327259 0.0112686088389709 0.251473237033232 -5.19280138324031 -0.0133251139243128 0.99989024240734 0.00647645562746181 -0.942091953006143 -0.251372655290988 -0.00961881455402192 0.967842583573658 83.5879171580277
0.952639008449077 0.0117092067074008 0.303877959153742 -5.0392540220867 -0.0135414319556655 0.999900615680688 0.00392280282085274 -0.954687461618462 -0.303801825540516 -0.00785195769630528 0.952702890495555 83.8856100650444
0.932736329281932 0.0119065414531896 0.360362559526223 -4.8662909451876 -0.0135091306354731 0.999906887456201 0.00192868015147871 -0.963285844255068 -0.360306041341442 -0.00666713493762239 0.932810326853526 84.3279894828627
0.908449696929716 0.0124797580047736 0.417807855106207 -4.66969505155498 -0.0137526731193129 0.999905426871611 3.59829812003604e-05 -0.968701780354575 -0.417767892651386 -0.00577866358632298 0.908535412032341 84.6804389612008
0.879982396401397 0.0130153199821197 0.474827951440748 -4.44302936418658 -0.0136584013910584 0.999904524259462 -0.00209533694187858 -0.973126107288349 -0.474809888371225 -0.00464153112908902 0.880076147894989 84.9201990243613
0.846155520626954 0.0106726296303352 0.53282917514838 -4.21085325703904 -0.0101844675917642 0.999940703891659 -0.00385555709659234 -0.983939564132078 -0.532838729384794 -0.00216418054387106 0.846214041948119 85.314396762046
0.80910449083745 0.0103526715051572 0.587573608239323 -3.95170931975355 -0.00912513104789901 0.999945598843953 -0.00505285423969302 -0.993296260079102 -0.587593954095879 -0.00127339911858802 0.809154944101966 85.6101651070804
0.769501264171466 0.00966915342952578 0.638572088264491 -3.66968407939388 -0.00880694475708705 0.999950964354891 -0.00452842243722564 -0.998067598244011 -0.638584561481533 -0.00213924231461553 0.769548686880666 85.8013051196872
0.726428602865003 0.00874835200369909 0.687186256612296 -3.37990581383859 -0.00993037017359562 0.999948200340013 -0.00223257362343914 -1.00662011776734 -0.687170191937788 -0.00520220856829942 0.726477848484175 86.1421333895896
0.680779892553899 0.00775094265433149 0.732447036161845 -3.07035733216384 -0.00871438506116238 0.999958948359647 -0.00248215399892491 -1.00673865572629 -0.732436207042844 -0.00469302497733111 0.680819490121467 86.3854902513508
0.634511662938619 0.00678650826089973 0.772883492449214 -2.75299365280757 -0.00621339969337713 0.99997392698007 -0.00367954131763841 -1.01477770972736 -0.77288831228006 -0.00246752217469409 0.634537286591732 86.5117538443419
0.587806197084803 0.00369805308793362 0.808993324491655 -2.40863266783702 0.00049779093807004 0.999987709707884 -0.00493281231775145 -1.02030499200298 -0.809001623529201 0.00330224719532165 0.587797131917618 86.709543907846
0.540530358369536 0.00648710666083639 0.841299500254263 -2.07559675521937 -0.00248127786567436 0.999978215963372 -0.00611644168333006 -1.03273166271627 -0.841320851364719 0.00121862458665296 0.54053467975058 86.8698728254678
0.493407910905258 0.00900970707249566 0.869751377483575 -1.73186662418654 -0.00585004370678086 0.999958108256816 -0.00703979545719 -1.03861525187932 -0.869778368577155 -0.00161459280257933 0.493439948367929 87.0458690126937
0.447059602975092 0.0113400195394602 0.89443228661794 -1.39904820897662 -0.00729818307560193 0.999932597470467 -0.00902978625221529 -1.04948271773865 -0.894474397571863 -0.00249087791960167 0.447112231565679 87.1748863402066
0.405719558430118 0.00861399260964902 0.913957022533659 -1.0235342358958 0.000706122487125393 0.99995233570374 -0.00973795212903418 -1.05326570125669 -0.913997342063041 0.00459624324368256 0.405694137559001 87.299683019729
0.365190543056719 0.00127356723914652 0.930931923015011 -0.661576369413901 0.0153175804566305 0.999855467463799 -0.00737671415357037 -1.06011600551698 -0.930806767804625 0.0169535308781448 0.365118253172682 87.3800859546297
0.330903192362871 -0.00254769555180175 0.943661266838602 -0.28171413739799 0.019575426940796 0.999799707496476 -0.00416503902111127 -1.06056830054809 -0.943461647309601 0.0198507968942597 0.33088678716219 87.4767748294309
0.29781848075249 0.00162104902155378 0.954621141983745 0.0891860755208561 0.0169583916184172 0.999831773281156 -0.00698842551479147 -1.06646861774152 -0.954471877781633 0.0182701214426481 0.297740889342522 87.5750103586978
0.265466968768168 0.00937773698860004 0.964074346999241 0.447511384614572 0.00573456496579414 0.999919647240924 -0.0113054777094294 -1.08578326840167 -0.964102900761995 0.00852977787272103 0.265391860522791 87.67265993921
0.238314235249467 0.0133345718783598 0.97109655259932 0.845176025426096 0.000820330489723265 0.999902616328773 -0.0139314362777769 -1.10121897801292 -0.971187753390327 0.00411667969302746 0.238280088578453 87.7622468327432
0.212842351369465 0.0150239494404391 0.976971040720618 1.24529984188328 0.00205908498556663 0.999872661036588 -0.0158247237143129 -1.11580391617246 -0.977084384090002 0.00537983780640772 0.212784312656355 87.8295668384027
0.188405957259259 0.016646871383111 0.98195013974355 1.6446043185137 0.00953526023561401 0.999778196325295 -0.0187786305352416 -1.127952448293 -0.982044945041449 0.0129011559828624 0.188205435874856 87.8742187150835
0.168528826611114 0.0227915456285588 0.985433194107516 2.06002323482742 0.0161981144814111 0.999533610911698 -0.0258878686853463 -1.12705617577497 -0.985563623358902 0.0203250118249402 0.168081046540019 87.9224455398223
0.148887540190581 0.0294897339616321 0.988414313922492 2.4847664838747 0.0182503598569704 0.999303021874279 -0.0325637043044165 -1.12814270340271 -0.988685705743281 0.022887246750244 0.148245570574989 87.9722893464526
0.130828579841056 0.0305735626838973 0.990933468988502 2.91384054921319 0.0163743435964279 0.99932140188509 -0.0329941904917367 -1.14090481333967 -0.991269773355649 0.0205424681874572 0.130239177793047 88.0243147889368
0.1157324780055 0.0260678501614595 0.992938296533408 3.38285716116309 0.0135283027932358 0.99952147195506 -0.027817478755717 -1.16533026934776 -0.993188289579696 0.0166521556787682 0.115324442998911 88.0738314006283
0.101217991326314 0.0227955836552867 0.994603076406705 3.85330434630704 0.0136023810509768 0.999612297014053 -0.0242946678930152 -1.18647665637862 -0.994771276958483 0.0159880275238287 0.100868674593687 88.1152276284859
0.0878399027775266 0.0203740980025473 0.995926225987958 4.32899858297813 0.0169415724779363 0.999615652356557 -0.0219438074579003 -1.20247877755432 -0.995990529373653 0.0188000982539233 0.0874609724599111 88.1439129154541
0.0759384778576078 0.019405517623437 0.996923654783272 4.8346309447881 0.0198866698841148 0.999582258605705 -0.0209720919709239 -1.21788180312672 -0.99691417280606 0.0214180803641019 0.0755208440890792 88.1757155206859
0.0658275007682489 0.0200124794420988 0.997630312695633 5.34863354930444 0.0230247848639224 0.999502188521279 -0.0215692935244625 -1.23309232155311 -0.997565335917691 0.0243900760095967 0.0653339480490029 88.200378520316
0.0582856439338449 0.0207569180007664 0.998084131757602 5.86039565217798 0.0262252205528036 0.999406942987528 -0.0223159161873393 -1.2440008609056 -0.997955420606639 0.0274756740305494 0.0577067224714169 88.2203214285889
0.0524748070345927 0.0210076101019666 0.998401259486629 6.43196761801721 0.0273727435354343 0.999372792740382 -0.0224667318859018 -1.26072580496001 -0.998247027312391 0.0285079190417927 0.0518668585310601 88.2490017816339
0.0469015108500055 0.0220988773785915 0.99865503948991 6.99861001844444 0.0285859065815406 0.999316096356058 -0.0234560335223276 -1.27611147812916 -0.99849040767796 0.0296475830767888 0.0462377182915275 88.2724671899177
0.0409229670542051 0.0227792840372547 0.998902605355613 7.58554469555396 0.0291411220718724 0.999287577620987 -0.0239819143683885 -1.29235900700892 -0.998737255624257 0.0300905538521736 0.0402299987198206 88.2947776562305
0.0367801502569246 0.0228227553889357 0.999062731956075 8.17050290131142 0.0321376161123886 0.999195048882675 -0.0240089133232252 -1.30869706282709 -0.998806484849639 0.0329905459913322 0.0360170750825634 88.3071591410919
0.0336905615544222 0.02282286591275 0.999171688376766 8.80884696102886 0.0334219345643102 0.999154342531244 -0.0239494069015453 -1.32711630080184 -0.998873325478325 0.0342011197548481 0.0328992865483112 88.3307923682411
0.030625104256685 0.022363683720572 0.999280725642056 9.45177217078634 0.0342273282461317 0.99913987271188 -0.0234095014560362 -1.34603445925926 -0.998944739708058 0.0349196278292715 0.0298333136253156 88.3501182357737
0.0284143851104567 0.0217182076615327 0.99936026645788 10.0648780096093 0.0366295825550777 0.999069846335062 -0.0227533695499331 -1.36403012836145 -0.998924870248326 0.0372526723874357 0.0275924264855228 88.3566123409831
0.0275777214619787 0.0214440092365341 0.999389625594957 10.7722022626818 0.0408613060766056 0.998910077427296 -0.0225612694657984 -1.38353172715971 -0.998784172353907 0.0414585537863762 0.0266714336559299 88.376918500394
0.0285978349078316 0.0210768244289676 0.999368766427376 11.4622853594415 0.0442858472906622 0.998769277463575 -0.0223314604232633 -1.40441917426274 -0.998609497034918 0.0448965239954955 0.0276292338798843 88.3937198790441
0.0311123491338576 0.0209407088307858 0.999296506771157 12.1629299805934 0.0461495736578924 0.998684152591322 -0.0223647091227909 -1.41985284934537 -0.998449917914047 0.0468129263838155 0.0301050052452372 88.4118068941071
0.0347401632067441 0.0209173747129704 0.999177453956747 12.8912501637697 0.048393647791547 0.998572915941963 -0.0225873061827579 -1.44450114907473 -0.998224010888236 0.0491385284912272 0.0336783180090748 88.4431105914558
0.0389969892731639 0.0203951111095931 0.999031167817329 13.6276845871269 0.0487454598490187 0.998562522443965 -0.0222883134052924 -1.46664521783867 -0.998049655564159 0.049567410797541 0.0379467629066218 88.4755493778109
0.0429826027067909 0.0186948563621193 0.998900895089273 14.382756149387 0.0501900142998961 0.998522081277965 -0.0208474378497133 -1.48971276171864 -0.997814340611081 0.0510309273472584 0.0419807828053795 88.5128545702655
0.0472857934400432 0.017250532072957 0.998732433078022 15.127664779972 0.0504501351868906 0.998533536333801 -0.0196356990284974 -1.50257500259966 -0.997606554508525 0.0513146758726307 0.0463461588669096 88.5426019319576
0.0510588715306184 0.0151530821509171 0.998580680635945 15.9268257550035 0.0471793974861596 0.998731935697935 -0.0175677280801597 -1.52794849361844 -0.997580621348903 0.0480094232248528 0.0502792123123881 88.596795956211
0.0551140335378633 0.0140046957999994 0.998381846691303 16.7211313655385 0.0464340853502239 0.99878385537617 -0.0165736525124362 -1.54969992439921 -0.997399778937651 0.0472723887217934 0.0543967116621974 88.6476084314149
0.0594588895800187 0.0149837113490684 0.99811829401335 17.5260351739583 0.0438918221524441 0.998881074722823 -0.017609841246219 -1.56623545031579 -0.997265335002701 0.0448562922541154 0.0587346971317978 88.6978414069967
0.0626903536059131 0.0191438754629606 0.997849403265355 18.3022768867852 0.0417585247753323 0.998890152806585 -0.0217873411554794 -1.59184700879888 -0.997159037051439 0.0430345751494765 0.0618213568950936 88.7555097824457
0.0639692998310374 0.024315504387877 0.997655594343805 19.1116156074717 0.0360079649366191 0.998995911613942 -0.0266569885724425 -1.61837134657432 -0.99730203807084 0.0376287765545368 0.0630295171705979 88.8196780335658
0.0637652859313363 0.0273815423347201 0.997589213779633 19.9752890730999 0.033354302272911 0.99900657869416 -0.0295524321448436 -1.64257969202923 -0.997407378572057 0.0351583114662839 0.0627886478979884 88.8776576952562
0.0639164168457578 0.0268007904510994 0.997595313385541 20.7415036956022 0.0311034708316789 0.999100181461093 -0.028834033825202 -1.67828773451574 -0.99747043352664 0.0328716448570231 0.0630253060648778 88.9358917645527
0.0639347304488267 0.0249176338847679 0.997642953046841 21.5487988648578 0.0283139829583718 0.99924049919786 -0.0267720587898215 -1.71345615384615 -0.997552338783018 0.0299589099333954 0.0631806545085899 88.9925019443295
0.0637668084242993 0.0237876869179291 0.997681281820238 22.3717634012008 0.0292728317431368 0.999241124322239 -0.0256958515127453 -1.74372932095136 -0.997535410632183 0.0308434987367134 0.0630220843876307 89.0497589319575
0.0642086107923295 0.0231295748789306 0.997668420401307 23.2543840378003 0.0269590608022217 0.999326296390615 -0.0249030597091907 -1.77638916939643 -0.997572284769771 0.0284951944744609 0.0635418016039945 89.1151376687656
0.064391301810703 0.0235720123777848 0.997646290267039 24.0060084128754 0.0252856979463961 0.999361469017194 -0.0252445582880621 -1.80795907132984 -0.99760432724126 0.0268517127248395 0.0637541511845003 89.1704060387138
0.0644341261222363 0.0240828036201068 0.997631325671292 24.8204450539104 0.0222884095161874 0.999424646952504 -0.0255656383667782 -1.84184690158876 -0.997673027696 0.0238829150996592 0.0638602863620263 89.2325756587107
0.0632970212426269 0.0253354407759872 0.997673094025542 25.7015515603227 0.0194752328977954 0.999455995540565 -0.0266163160785614 -1.87230321961541 -0.997804691513017 0.0211146493862368 0.0627691737711215 89.2892192655291
0.0604731526985425 0.0250809127403277 0.997854671592417 26.4628868396062 0.0164484192099318 0.9995234922622 -0.0261196845591496 -1.90555285139209 -0.998034291649437 0.0179926716217242 0.0600317954064319 89.3488166872324
0.0564929449974803 0.0237656116061544 0.998120104431575 27.2763870345977 0.0139390806242093 0.999600442015099 -0.024589801840799 -1.93692480063153 -0.99830568925398 0.0153020269312071 0.0561391020139541 89.4033732298003
0.0516937521728903 0.0212813530609409 0.998436207275249 28.1352411823954 0.0122299480444345 0.999684457124071 -0.0219411612131664 -1.96806391981818 -0.998588095441318 0.0133450438907973 0.0514171707354115 89.4509674097507
0.0452678181733667 0.0193525562276361 0.998787416423174 28.9259268701226 0.0099584789794351 0.999753915757685 -0.0198226290786946 -1.99757436165417 -0.998925249122395 0.0108437306602269 0.0450639564522389 89.4948034205518
0.0380490322356002 0.0193652290222929 0.999088213848431 29.7599158447878 0.00939152508247044 0.999761117503054 -0.0197359364021342 -2.02674792486536 -0.999231740089635 0.0101338953003227 0.0378580739536828 89.5270800605018
0.029208063618683 0.0205394537520371 0.999362306603173 30.5586477723189 0.00923677940837955 0.999740629619933 -0.0208171898512114 -2.0537850485201 -0.999530675330081 0.00983891898067926 0.029010769508645 89.5537178435761
0.0193385856825318 0.0208434461177669 0.999595703200917 31.3588946509218 0.00937067558054878 0.999734979296583 -0.0210276391928507 -2.0787015736461 -0.999769078109022 0.00977353184863862 0.0191381433854009 89.5669479493354
0.00909257191952118 0.0199209804236557 0.999760211088063 32.1562957992232 0.0108135222074877 0.99974112125305 -0.0200189463549452 -2.10697272562689 -0.999900191455806 0.0109929529542488 0.00887480208169 89.5756067886197
-0.00161434633369706 0.0189653825008413 0.999818837666361 32.9487674905221 0.00986230764575468 0.999771817323788 -0.0189485665154462 -2.13474638199806 -0.999950063140063 0.00982993141820348 -0.001801020404673 89.5748394086061
-0.0125959542028042 0.0179702089313702 0.999759177766668 33.7463154695251 0.0113220357108197 0.999776964185076 -0.0178278824383453 -2.16148568405892 -0.999856566435948 0.0110947499221676 -0.0127966042011458 89.5620268408678
-0.0236051563724278 0.0184860713288543 0.999550429823057 34.5244385782892 0.0117747164525559 0.999764812495548 -0.0182119671700709 -2.18680466080269 -0.999652015776038 0.0113395265582978 -0.0238172729828272 89.5435115806551
-0.0345277211796364 0.0188847007097178 0.999225302196279 35.3157947903016 0.0120259939378644 0.999756917851677 -0.0184791958029073 -2.21487016836198 -0.999331382445257 0.0113786329064665 -0.0347464354032487 89.5146800054005
-0.0452436366997402 0.0201535228654787 0.998772671259228 36.0863074141024 0.0118745448101367 0.999736694991459 -0.0196350674331916 -2.23752224262252 -0.998905405192971 0.0109716089824854 -0.0454710377339407 89.4807272780517
-0.0555107269890991 0.0210909972462595 0.998235307442238 36.8654806363603 0.0124483157324311 0.99971378634281 -0.0204299983247054 -2.26570744325883 -0.998380487902567 0.011292264222911 -0.0557573864537475 89.4360490725365
-0.0649677861923343 0.0218927473400349 0.99764717930297 37.6230304069545 0.0135667133712877 0.99968628713519 -0.0210540162952047 -2.28980686116423 -0.997795134807525 0.0121669604981203 -0.0652444175900799 89.3848078827323
-0.0746172309361282 0.0222465365728641 0.996964071798948 38.3799687227043 0.0140911375696104 0.999674835188385 -0.0212523818211162 -2.32042701350912 -0.997112686053798 0.0124625640053889 -0.0749064470455831 89.3268653223803
