0.999999999985716 -3.05081070230009e-06 4.38879705519164e-06 -4.24819588332426e-06 3.05078715560999e-06 0.999999999980954 5.36517758192649e-06 -2.18984631147404e-05 -4.38881342324923e-06 -5.36516419256416e-06 0.999999999975977 -2.51987664848564e-05
0.999998218043696 0.000778879763454377 0.00171966733598831 -0.00643724203633465 -0.000777325880414369 0.999999289202855 -0.000904078680052198 -0.0208716906145614 -0.00172037028224214 0.000902740327097528 0.999998112691216 1.20366340632693
0.999994324034262 0.00113256707961177 0.0031731988701284 -0.00998158633032638 -0.00113129599095287 0.999999279147137 -0.000402336410107827 -0.0426739921452917 -0.00317365225569193 0.000398744299299876 0.999994884454087 2.40698592725127
0.999990947695839 0.000505252438588569 0.00422483684313978 -0.0114192408608337 -0.000505186745208486 0.999999872255114 -1.66164856419718e-05 -0.0650357644596807 -0.00422484469895837 1.4482003650667e-05 0.999991075198945 3.61365100237155
0.999987289552051 0.000215963816389262 0.00503727048842221 -0.0118222261822383 -0.000216058686257396 0.99999997649207 1.82894173584075e-05 -0.0860580478642727 -0.00503726642015404 -1.93775309357718e-05 0.999987312705278 4.81166777672585
0.999982203559073 -7.66248404992558e-05 0.00596545838768725 -0.0110287304571918 7.58182039527068e-05 0.999999987953276 0.00013544389469319 -0.108124886517919 -0.00596546869418984 -0.00013498919393321 0.99998219732212 6.02394459104037
0.999976722482703 0.00027733044686928 0.00681744677820759 -0.00991293008378932 -0.000271807956045384 0.99999963422736 -0.000810965831970667 -0.130872884272849 -0.00681766919008866 0.000809093918425254 0.9999764320992 7.22072332124966
0.999971028919439 1.30545724630425e-05 0.00761190852390153 -0.00792698908508378 -4.15836757996124e-06 0.999999317018447 -0.00116873664620596 -0.152389372937087 -0.00761191858246566 0.0011686711335288 0.999970346011958 8.41404721370748
0.999970262297091 -0.000420476630398596 0.00770050134015967 -0.00469799654344811 0.000417565901128211 0.999999840772772 0.000379596034160009 -0.17485809076943 -0.00770065972529154 -0.000376369279064677 0.999970278651301 9.61406325071843
0.999978503469798 -0.00106789585258754 0.0064693273800805 -0.00300528298755509 0.00105947700647875 0.999998587716576 0.00130463532308328 -0.196579467868896 -0.00647071145820734 -0.00129775317434408 0.999978222627835 10.812729571787
0.99998921137997 -0.00221446571735285 0.00408329098316572 -0.00348269403656977 0.0022110956245166 0.999997211350443 0.000829667087629421 -0.217529991637754 -0.0040851168656205 -0.000820629589839955 0.999991319155957 12.0174820656713
0.999996217280227 -0.00186806139239596 0.00201885409862075 -0.00768842326914143 0.00186727281058076 0.999998179646588 0.000392422936158555 -0.238763641264667 -0.00201958349372933 -0.000388651700365671 0.999997885113947 13.2096352390642
0.999998543845459 -0.00152756719108242 0.000760818925663708 -0.0135615628071029 0.00152735878794083 0.999998795932235 0.000274425241761838 -0.260884632878138 -0.000761237212581885 -0.000273262798684132 0.999999672922621 14.4085079651544
0.999999999218825 -3.81537725408764e-05 -1.03266634238494e-05 -0.0231850413691493 3.81552064077022e-05 0.999999989627378 0.00013888636781813 -0.282608142468711 1.03213642778481e-05 -0.00013888676172561 0.999999990301968 15.6173773212243
0.999999822748354 -0.000291810815849451 -0.000518989121686527 -0.0308122191010321 0.000291939405307667 0.999999926705422 0.000247710586321036 -0.304370121417619 0.000518916799019149 -0.000247862055789473 0.999999834644865 16.8106417176132
0.999999092639166 -0.000865944272201639 -0.00103192119920939 -0.0380254594819814 0.000866642316584638 0.999999395844717 0.000676196197002188 -0.324814648266453 0.00103133502754507 -0.000677089890026859 0.999999238948381 18.0135580501474
0.999998122906966 -0.00129327078669467 -0.00144278661537371 -0.0472646732689891 0.0012945295192942 0.999998782044206 0.000871839106644947 -0.346423040777076 0.00144165733407607 -0.000873705199985477 0.999998579130668 19.2168155453842
0.999997442809679 -0.000854725658740582 -0.00209375694634001 -0.0565775272415081 0.000854573751591987 0.999999632154627 -7.34459889013083e-05 -0.36795470328524 0.00209381895233245 7.16565313573808e-05 0.99999780539136 20.4219188470569
0.999995836586815 -0.00119450275420574 -0.00262677981666362 -0.0652185598877704 0.00119202532324049 0.999998843490236 -0.000944507183039552 -0.388909331568148 0.00262790499519862 0.000941372062605853 0.999996103959398 21.6261279552163
0.999994111426173 -0.000421648481371628 -0.00340577825702329 -0.0781204337693283 0.00042025117345056 0.999999827241817 -0.000410980883742552 -0.410320587186516 0.00340595095811273 0.00040954718134225 0.999994115867277 22.8200083414848
0.999991145685214 -0.000520479562466933 -0.00417584149592592 -0.087812601104409 0.000518481139286377 0.99999975056325 -0.000479636056827805 -0.434818263425758 0.00417609009508259 0.000477466714922888 0.999991166109508 24.0302845714478
0.999987171056242 -0.00054600472003119 -0.00503583178621119 -0.10020137977993 0.000540157567462726 0.999999178531648 -0.00116239658956586 -0.457748086381205 0.0050364623234592 0.0011596615345976 0.99998664452701 25.2274225872809
0.99998279274311 -0.000174428238967766 -0.00586376947699619 -0.114700729790205 0.000171535691836113 0.999999863373106 -0.000493790721162955 -0.479240117630763 0.00586385480689349 0.000492776378625162 0.999982686039236 26.4305272706419
0.999976789973522 -0.00150680680767414 -0.00664447496001024 -0.128879620789584 0.00151499130690689 0.999998099739843 0.00122691403284792 -0.500235550967634 0.00664261361136208 -0.00123695187794411 0.999977172556685 27.6345075530484
0.999970241970854 -0.00184484812271442 -0.00749077487015155 -0.143380900182019 0.00185505207620831 0.999997360719993 0.00135548325065373 -0.521752691794291 0.00748825443916886 -0.00136933869161893 0.999971025058727 28.848925748424
0.999963042955491 -0.00246304972346061 -0.00823687496901621 -0.160076300829346 0.00246708806583907 0.999996841460643 0.000480151240532543 -0.541680592859683 0.00823566631614223 -0.000500454591497644 0.999965961093442 30.0384038924125
0.999953829485403 -0.00292505102256653 -0.00915330399330565 -0.176731647598067 0.00291998215116292 0.999995576046735 -0.000567090112697606 -0.562764453293483 0.00915492226703059 0.000540336445570659 0.999957946833171 31.2554614060605
0.99994802773073 -0.00243315958560082 -0.00990058441982165 -0.195013625798065 0.0024277444233982 0.999996896819305 -0.000558935394215908 -0.583113152267069 0.00990191367553138 0.00053487025646149 0.99995083180093 32.4416925264557
0.999940623840532 -0.00298948746177727 -0.0104791105597897 -0.214279403209586 0.00298934200471578 0.999995531470784 -2.95439288695423e-05 -0.605041886397077 0.0104791520547829 -1.78347070392953e-06 0.999945092177081 33.6618676618099
0.99993353313838 -0.00330662286112719 -0.0110451596027594 -0.234245800228627 0.00330946293836973 0.999994495183963 0.000238865717909613 -0.627978481807462 0.0110443089623441 -0.000275403387608705 0.999938971834041 34.8642800297359
0.999925065466521 -0.00382834415483915 -0.0116278644989386 -0.254065321760195 0.00382980468417748 0.999992660931375 0.000103341519983325 -0.648384532598067 0.0116273835343391 -0.000147866226059752 0.999932388758222 36.0793385581229
0.999919520409021 -0.00394334058169969 -0.0120583070971577 -0.275061111282792 0.00394454865883395 0.999992217318815 7.64046915309467e-05 -0.670807603735218 0.0120579119614772 -0.000123963121600525 0.999927293052987 37.2899637783306
0.999913840534391 -0.00483734564184747 -0.0122029338647031 -0.29443025288309 0.00484539828358186 0.999988062274989 0.000630414930946708 -0.691232811233969 0.0121997386545155 -0.000689488689535841 0.999925342704198 38.4803813000976
0.999917119994401 -0.00453926504634423 -0.0120477472974128 -0.316034998839211 0.00456282971964068 0.999987729360263 0.0019291743971737 -0.712558300354709 0.0120388424299366 -0.00198398632661222 0.999925562265113 39.7146559413514
0.999919921730304 -0.00405599012541577 -0.0119874547325274 -0.338500983595517 0.00408938694377254 0.999987821896852 0.0027627834541425 -0.732660262834154 0.0119761029256585 -0.00281158355609621 0.999924331115421 40.9258108488544
0.999923363888986 -0.00333607556789209 -0.0119221201445229 -0.361068355829098 0.00336396074560295 0.999991651445136 0.00231965689964399 -0.752336765699287 0.01191428206134 -0.00235958467433085 0.999926238401177 42.1317409179291
0.999928411126129 -0.00226875779003182 -0.0117484195050298 -0.382801470165169 0.00229562882616099 0.999994778982676 0.00227422419321722 -0.769142876669424 0.0117431985024734 -0.00230103139454588 0.999928398708354 43.3085485139134
0.999937744587112 0.000452702289224788 -0.0111490811583871 -0.406404763382291 -0.000406425048968302 0.999991294982716 0.00415268316525231 -0.788009089436857 0.0111508640346182 -0.00414789337239152 0.999929224101312 44.5224298916876
0.999954899896773 0.000564178424035479 -0.0094804997305772 -0.426652329679121 -0.000496271686678718 0.999974217892737 0.00716360692816359 -0.803639852789263 0.00948429685578338 -0.0071585789451598 0.999929398938064 45.7330099499214
0.999970228115161 0.0011061207766125 -0.00763671265278455 -0.444623710458895 -0.00103037327820277 0.999950307563115 0.00991568128464556 -0.81488498192721 0.00764730110700626 -0.0099075174114735 0.999921676875004 46.9327720243621
0.999980396797775 0.00155744503988693 -0.00606468343052985 -0.45980881336943 -0.00147697975880132 0.999911126766565 0.0132497961950341 -0.823099507973053 0.00608478027186709 -0.0132405790419294 0.999893825621339 48.1576308386787
0.999988395251052 0.000902210181300889 -0.00473237572621526 -0.47057820203772 -0.000833277571681996 0.999893825387051 0.0145479758502138 -0.83026346920467 0.00474499859998358 -0.0145438636420529 0.999882973661742 49.3580762108542
0.999994714421751 -0.000912735732411553 -0.00312058360617762 -0.480910789826623 0.000953196822284116 0.999915184194632 0.0129890658952908 -0.833545694562276 0.00310846334679256 -0.0129919717709437 0.999910769081484 50.569390564331
0.999997887600338 4.88179443177413e-05 -0.00205485076563716 -0.489477055736295 -2.5640262998249e-05 0.99993640087641 0.0112780115670907 -0.839461123024452 0.00205527064827006 -0.0112779350565089 0.999934289862801 51.7725653330025
0.999999148605482 0.0004480798466883 -0.00122556630256048 -0.499506169622913 -0.00043482481234175 0.999941644193631 0.0107944029348731 -0.846236532734012 0.00123033153806279 -0.0107938608379401 0.999940987685032 52.9833092406988
0.999999355113839 4.16112725569788e-05 -0.00113491867916334 -0.509288711518289 -2.99442720298735e-05 0.999947178358333 0.0102781124993228 -0.85423457057608 0.00113528641623613 -0.0102780718867966 0.999946534752255 54.2033633655303
0.999997878337264 -0.000713611152026798 -0.00193237679905587 -0.516897274628628 0.000731390769375589 0.999957265356554 0.00921588455786258 -0.864569649090791 0.00192571766162608 -0.00921727832741752 0.999955665713097 55.4111435499132
0.999993660362078 -0.000387197624659656 -0.00353967705494394 -0.528804952831719 0.000421279548523335 0.999953514079749 0.00963287096887947 -0.8739366276284 0.00353578268504085 -0.009634301093517 0.999947337854971 56.621966349184
0.999987807390654 -0.000402537668195681 -0.0049216901017235 -0.542177544350762 0.000456235777322368 0.999940333699791 0.0109142516585165 -0.884811617553422 0.00491700304527164 -0.010916364036419 0.999928325470019 57.8409147666095
0.999982291220117 -0.000469286465692655 -0.00593270733966151 -0.556487471415606 0.000535893946638017 0.999936791619201 0.0112305647220496 -0.893596229947583 0.00592706199081067 -0.0112335451444015 0.999919335446438 59.0704401586844
0.999976445869127 0.000575489872549738 -0.00683933610493588 -0.572784553054283 -0.000500243070138014 0.999939387505797 0.010998684985172 -0.90346829617697 0.00684525118753619 -0.0109950045902156 0.999916122687419 60.2783062887058
0.999972411657667 0.000970503943871668 -0.00736437679948274 -0.589721314622893 -0.000890710229420432 0.999940950096367 0.0108306489031368 -0.912018874959143 0.00737445312121759 -0.0108237905777386 0.999914227820913 61.5033766235773
0.999971586828896 5.24830906493967e-05 -0.00753808864528189 -0.605410227879473 2.50029355936401e-05 0.999947171375931 0.0102788049951337 -0.921258654502361 0.00753822988188498 -0.0102787014160335 0.999918758393625 62.693326810491
0.999968929945085 -0.00105610404645039 -0.00781177244444829 -0.61928904397497 0.00112940871736707 0.999955318161295 0.00938542044303613 -0.932722878669461 0.0078015114195844 -0.00939395152140441 0.999925442267764 63.9280744018149
0.999965749519466 -0.00136435557448923 -0.00816322986564739 -0.635225335579099 0.00145107454766561 0.999942482743502 0.0106266451628934 -0.942140868859441 0.00814826181649524 -0.0106381266502748 0.99991021401461 65.1436801254664
0.999962528689679 -0.0016481537485198 -0.00849851785685347 -0.648787115007086 0.00175164406618589 0.999924232889644 0.0121844254326251 -0.953716898169853 0.00847779214226281 -0.012198855244614 0.99988965139715 66.3134581506131
0.999961979125594 -0.00106046756432517 -0.00865538628656504 -0.668044317589119 0.00115208546869949 0.999943292869965 0.0105869610108233 -0.964362467514902 0.00864366833569263 -0.0105965302300751 0.999906495900885 67.5444141089376
0.99996164886371 0.000639563625672744 -0.0087345154496317 -0.687507586797061 -0.000557930995493855 0.999956176794387 0.00934522357982767 -0.972604244184952 0.00874010954024066 -0.00933999192298453 0.999918184171137 68.7339750196155
0.999957438713832 0.00281131591862618 -0.00878733541403218 -0.709247488911862 -0.00272610565377535 0.999949296821554 0.00969392253139294 -0.983768144604385 0.00881414254692305 -0.00966955474082817 0.999914401637598 69.935903830203
0.999951432961578 0.00464392506857348 -0.00869285212366185 -0.728688302384409 -0.00455771255566704 0.999940494849975 0.00991130745395125 -0.995134300619704 0.00873836222333983 -0.00987120656983276 0.999913096377135 71.1260613127504
0.999944953061848 0.00615054304771887 -0.00850068622862134 -0.748092926150497 -0.00606231009068826 0.999927888485963 0.0103665917430536 -1.00570500121065 0.00856383340004082 -0.0103144872980175 0.99991013201651 72.321329880584
0.99994993145762 0.0066420334805453 -0.00748451529116605 -0.766990686574466 -0.00655674115700127 0.999913938283523 0.0113633257339547 -1.01635693142109 0.00755934675090836 -0.0113136827593488 0.999907424144416 73.5286285408669
0.999949908767937 0.00841684620795838 -0.00541633223734325 -0.78204078129809 -0.00835067119704726 0.99989160175691 0.0121264597702826 -1.02593500834796 0.00551781166337819 -0.0120806223313641 0.999911802269847 74.7093810233593
0.999971814777539 0.00695356415499675 -0.0028315359890725 -0.791600345246737 -0.00692490023339289 0.99992591902594 0.0100101057380341 -1.03821482833761 0.00290093213857607 -0.00999021549674542 0.999945888629508 75.9084519576203
0.999991617402999 0.00407749417416566 -0.000373048246767917 -0.795687416546016 -0.00407558532228826 0.999979284148613 0.00498205559056909 -1.05008342055891 0.000393354821401792 -0.0049804934380458 0.999987519900673 77.0899871605127
0.999985022490961 0.0050695425472533 0.00206265171878486 -0.801770954844446 -0.00507878782661316 0.999976968884246 0.0045019568286464 -1.06287205372951 -0.00203978135192565 -0.00451236517098721 0.999987738851132 78.2817155681631
0.999979475561327 0.00410180678848024 0.00492175143255339 -0.800586680496322 -0.0041413468148201 0.999959017576682 0.00805061573025323 -1.07910454426454 -0.00488852765699892 -0.00807083317550294 0.999955480983629 79.4700548283431
0.999955784221316 0.00448912124396889 0.00826301354172618 -0.798611819128233 -0.0045664943128891 0.999945684354592 0.0093688564039093 -1.09267720946415 -0.00822050679849816 -0.00940617515697364 0.999921970524147 80.6499153279958
0.999912868321065 0.00474487392551403 0.0123183577384328 -0.793370751915508 -0.00483735982428383 0.999960256132217 0.00748906575758992 -1.10314916023301 -0.0122823334864119 -0.00754800155154186 0.99989608057873 81.8261292546487
0.999868740610782 0.00391558019647486 0.0157216341750093 -0.780917385048759 -0.00398777013467578 0.999981638021229 0.00456303733635936 -1.12034557588882 -0.0157034785560663 -0.00462513265809701 0.999865995475961 82.9957872350086
0.999814085207664 0.00258115362358831 0.0191084448957363 -0.763522641496076 -0.00260407852933779 0.999995919135572 0.00117494136707503 -1.13895522847731 -0.0191053342125961 -0.00122448281917678 0.999816726628661 84.1642161670267
0.999746329964416 0.00197205575347295 0.0224362813047687 -0.742677541431211 -0.00197731451572119 0.999998022596356 0.000212204343947733 -1.15938582810049 -0.0224358184603869 -0.000256514098766976 0.999748252436847 85.3352476365601
0.999658074759813 0.00173267203931159 0.0260908300961858 -0.719429162612795 -0.00178586368468599 0.999996374123896 0.0020155470625256 -1.18151586888646 -0.0260872432120292 -0.00206145256208423 0.99965754443956 86.5033657629768
0.9995502226908 0.00278889885241184 0.0298592424880876 -0.694263099174622 -0.00286394035790273 0.999992846710579 0.00247070299700632 -1.20204640882283 -0.0298521383555312 -0.00255510682047854 0.999551059858744 87.6665544677995
0.99943368093511 0.00242770571830375 0.0335622355846738 -0.66413764028064 -0.00244084964565075 0.999996959639878 0.000350662241437929 -1.22295853488968 -0.0335612822386624 -0.000432384025559364 0.999436567961445 88.8194149262423
0.999316033552137 0.00235403802957685 0.0369042489502035 -0.629116489729452 -0.00228405783896911 0.999995513008459 -0.00193830924678541 -1.24492422249494 -0.0369086462148307 0.00185269206918905 0.999316926388563 89.9753555683775
0.999193049524763 0.00233835170620256 0.040097155668497 -0.589314811412233 -0.0022468311691233 0.999994767508555 -0.00232738162091089 -1.26747237383016 -0.0401023880972572 0.00223541200005667 0.999193075137176 91.1510267867055
0.999075708568224 0.00103484935910392 0.0429727545743208 -0.546039278016614 -0.000991933611807341 0.999998987849342 -0.00101998431437759 -1.29092502687877 -0.042973766609533 0.000976415431961052 0.999075723854951 92.2940297938923
0.998953919658782 0.000352503000125922 0.0457268207946994 -0.499229280824005 -0.000372739694470259 0.999999836341295 0.000434030532252641 -1.31178934324716 -0.0457266603140423 -0.000450620702657475 0.998953887563138 93.4603970751025
0.998828718178751 -0.000441266691609297 0.0483838508709242 -0.448536803402519 0.000335149538092011 0.999997520916913 0.00220132569493071 -1.3316038572013 -0.0483847022950444 -0.00218253149689109 0.998826389889697 94.6255469819475
0.998701192751164 -0.0020237520322374 0.0509100385495267 -0.394104647438659 0.00186632022901583 0.999993329541267 0.00313970090503363 -1.34945078497851 -0.0509160529323027 -0.00304060860393403 0.998698307925428 95.7947609333667
0.998584794494211 -0.00307752536343804 0.053093662923102 -0.334979691039033 0.00303182442003919 0.99999496100208 0.000941281644838699 -1.37043340361605 -0.0530962922023811 -0.000778978874072835 0.998589093144059 96.9551614616544
0.998457490355887 -0.00450319560741996 0.0553386048030244 -0.273650301911165 0.00465586476461721 0.9999857023726 -0.00263020411206841 -1.39004780273952 -0.055325969268668 0.00288379605708504 0.998464181052472 98.1227545141027
0.9983436479815 -0.0037625865768091 0.0574090888034533 -0.212261071342093 0.00408300358471698 0.999976731062661 -0.00546501737981267 -1.41196611527721 -0.0573871903539279 0.00569036690262431 0.998335780240193 99.3007308614608
0.998244961612464 -0.00372866136982892 0.0591024001180908 -0.148910978005946 0.00411126838737218 0.999971365785454 -0.00635335198302125 -1.43627742688295 -0.0590770182691776 0.00658518743562485 0.998231707179681 100.482013406959
0.998221203015974 -0.00359778516500894 0.0595103838943046 -0.0847824346925908 0.00394786076084243 0.999975583121825 -0.0057660693352318 -1.46154909099385 -0.0594881857577962 0.0059907513779276 0.998211033125348 101.670427108903
0.998258284118199 -0.00361510338232299 0.0588840319350127 -0.021352445507677 0.00385845707383396 0.999984477495452 -0.00401958668975216 -1.4862582435722 -0.0588685866859216 0.00423978722133186 0.998256737370663 102.845598445847
0.998340653755682 -0.004131509093154 0.0574357875482821 0.0438934528319396 0.00428431045440124 0.999987602806914 -0.00253750200219123 -1.51070952553155 -0.0574245917931379 0.00277936415282381 0.998345977801432 104.062932407069
0.998453583082951 -0.00373358539646777 0.0554662308878549 0.102878776031493 0.00383254998550145 0.999991247954157 -0.00167796772777633 -1.53179918984446 -0.0554594806090553 0.00188794999248091 0.998459153724077 105.254213266706
0.998589582379961 -0.0035140527611856 0.0529763852617943 0.15919990571038 0.00358232483122811 0.999992870839584 -0.00119382528485399 -1.55274778871481 -0.0529718124196069 0.00138192011302902 0.998595051753103 106.455906301098
0.998748901208713 -0.00297106074707108 0.0499179840581051 0.211871888336509 0.00303832454576205 0.999994575718534 -0.00127165933464152 -1.57286209547758 -0.0499139351117766 0.00142173539942373 0.998752510760354 107.660217894583
0.998927962361447 -0.00158774560212535 0.0462645120617273 0.255314377871441 0.00167079296102202 0.999997061679184 -0.00175644068511442 -1.59318235416106 -0.0462615873407753 0.00183185613568794 0.998927679984797 108.861619580358
0.999105751717899 -0.0013533509680576 0.0422594998239322 0.30431796047307 0.0014107859053894 0.999998121310053 -0.00132930790048145 -1.61471904315291 -0.0422576214113008 0.00138773827589547 0.999105783996438 110.089648478054
0.999267388370975 -0.000843059717582668 0.0382619365500909 0.344116841301707 0.000856548736223333 0.999999576662681 -0.000336152822727191 -1.63540936880032 -0.0382616369554815 0.000368679766657569 0.999267687465534 111.308306202742
0.999420233047389 -0.000523272800494079 0.0340429722715212 0.3783076151785 0.000505604758313503 0.999999733001568 0.000527598919808102 -1.65714274880262 -0.0340432392602653 -0.000510080746622548 0.999420230772972 112.527424185346
0.999561728726174 -0.000567269256627029 0.0295977815306015 0.406216572748578 0.000534830021456005 0.999999247672405 0.00110390736547978 -1.67742765970617 -0.0295983854760843 -0.00108759377246146 0.999561280120931 113.747975389025
0.999691089216138 5.94616891450239e-05 0.0248540259547545 0.428334564782061 -8.96498605171695e-05 0.999999259682187 0.00121350648136095 -1.69716004502514 -0.0248539353977312 -0.0012153597760827 0.999690354457749 114.965333195456
0.999801160086569 0.000872514537191495 0.0199218224049383 0.444531607650607 -0.000894830420073443 0.99999898216042 0.00111128603139377 -1.71677108873566 -0.0199208325145016 -0.00112889171608673 0.999800923201925 116.191497603218
0.999886597072752 0.00135313552159468 0.0149987338976536 0.455316865225439 -0.00136489484657611 0.999998769137396 0.000773812477343135 -1.73657205877382 -0.0149976683631228 -0.000794196419345137 0.999887213237432 117.405185959236
0.999943742476157 0.00240718959070433 0.0103304075937101 0.461321461717046 -0.00240934007787063 0.999997078380699 0.000195730568484019 -1.75750931039977 -0.0103299062516049 -0.00022060902220316 0.999946620759575 118.641995151007
0.999967119149083 0.00440563147124308 0.0068081592242417 0.458371991913742 -0.00440693501082058 0.999990273842485 0.000176477316478701 -1.77555852102112 -0.00680731551299325 -0.000206474628998919 0.999976808642948 119.878568456593
0.999968448293265 0.00635622433970741 0.00476453881330934 0.456058419059837 -0.00635783780707305 0.999979736394795 0.000323571034407616 -1.79886503373177 -0.00476238557649131 -0.000353852990189756 0.999988597170829 121.101879516796
0.999964692982693 0.00753610092535503 0.00371752214122324 0.449523535645007 -0.00753623096954066 0.999971601988202 2.09743556024236e-05 -1.81884831327928 -0.00371725850612495 -4.89897205511271e-05 0.999993089770727 122.3448868937
0.999949433887243 0.00970052558973104 0.00265131512001252 0.442440270123534 -0.00970112985043389 0.999952919788025 0.000215144202846554 -1.83819147351732 -0.00264910328368946 -0.000240854076094194 0.999996462114295 123.584770537109
0.999938841516699 0.0109292275195618 0.00169269373098441 0.43468363531384 -0.0109310575106723 0.999939675649227 0.00107565989849752 -1.85749124959773 -0.00168083548856968 -0.00109409704529092 0.999997988869836 124.838084771904
0.999941789198044 0.0107349228529434 0.00108611544303938 0.426594996619767 -0.0107365239459435 0.999941267764772 0.0014792141622382 -1.87690336063779 -0.00107017240313708 -0.0014907891604578 0.999998316137936 126.079481833602
0.999894891987914 0.0144970856499866 0.000198706152740822 0.413314691682191 -0.0144976943404934 0.99988873453827 0.00351217913351511 -1.89395445564519 -0.000147767681892324 -0.0035146907564143 0.999993812537657 127.337570812701
0.999880256313759 0.0154699493050423 -0.000392049015297216 0.404070377640094 -0.0154669822234355 0.999858003702003 0.00668916242479274 -1.91036682747899 0.000495474349393148 -0.00668229762467581 0.999977550449821 128.603601437937
0.999896979606408 0.0143261091104413 -0.000890377300948673 0.393702969595898 -0.0143202111609111 0.999877545636231 0.00631072775316197 -1.92357834208183 0.000980676444720859 -0.00629732722854252 0.999979690765511 129.839658893478
0.999897133326206 0.0142732769428658 -0.00141291590269583 0.384450994311754 -0.0142664701048033 0.999887108103935 0.00471581152074169 -1.93391636959849 0.0014800664797865 -0.0046951690984099 0.999987882321757 131.102088735702
0.999932915525244 0.0113694253793919 -0.002213733436293 0.378193587931336 -0.0113565620727679 0.999919042649861 0.00573904557165726 -1.94761101674218 0.00227880386867597 -0.00571352016961766 0.999981081191139 132.37337855979
0.999952135190212 0.00927271722900919 -0.00312154508654988 0.371891561462035 -0.00924872311341145 0.99992823203298 0.00761524157011084 -1.96119107598112 0.00319193504131529 -0.00758600676183007 0.999966131452511 133.643979103389
0.999976371331319 0.00597649328554054 -0.00339680836326141 0.365302878043405 -0.00594402128054189 0.999937296709853 0.00949058794845528 -1.97264785782227 0.00345331580735081 -0.0094701729972999 0.999949193926039 134.90921367556
0.999984649312506 0.00409176210084868 -0.00373612396129366 0.357357534825076 -0.00405192185240423 0.999935507702793 0.0106095411993034 -1.98428872530101 0.00377929472866345 -0.01059423985323 0.999936737505571 136.178690018075
0.999993460893029 -0.000126827787467162 -0.00361415078481541 0.352701604938224 0.000158525697256739 0.999961516529159 0.00877156373213249 -1.99402161336492 0.00361289922172829 -0.00877207930971209 0.999954997779299 137.443105203997
0.999990043890514 -0.00261838012115905 -0.0036133371541316 0.344540368589564 0.00264630645692305 0.999966500296783 0.00774566629414759 -2.00226414118191 0.00359293500975958 -0.00775515117488794 0.999963473557045 138.711613770274
0.999986145066527 -0.00400953479658448 -0.00341076321400825 0.337049370051327 0.0040349877406147 0.999963818627682 0.00748867875374631 -2.01582775414598 0.00338061368987093 -0.00750233738635504 0.999966142619249 139.999069132473
0.999986822529849 -0.00420371909254996 -0.00294678001345703 0.326111251393127 0.00422684733109669 0.999959964813391 0.00788685818567665 -2.02739250874935 0.00291350790223393 -0.00789920984607353 0.999964556349629 141.283012789313
0.999990382287666 -0.00366667615384055 -0.00240641188280348 0.315440056586341 0.00369016812472134 0.999944860531367 0.00983150833369093 -2.036896578069 0.00237023023736752 -0.00984029384149684 0.999948774000816 142.558835534208
0.999997857919536 -0.00126358795885767 -0.00163936018310872 0.304112299850529 0.00128226078080942 0.999933742277618 0.0114397055018181 -2.04994367043544 0.00162479648871185 -0.0114417830843168 0.999933220588366 143.855932426133
0.999998395173861 -0.00142572236653347 -0.00108488037900883 0.294875566824065 0.00143624516883824 0.999951325468428 0.00976134692287375 -2.06073471795982 0.00107091060232914 -0.00976288941181217 0.999951768407264 145.130511987009
0.999999422383361 -0.000845667219629493 -0.000663385181294155 0.286486498754732 0.000850881888075099 0.999968430942285 0.0079001973922739 -2.07113581198761 0.000656683300885831 -0.00790075729142401 0.999968572906801 146.394999647505
0.999999517632248 -0.000979409585043467 -7.41089514583736e-05 0.277599543766691 0.000979797528382934 0.999984779939536 0.00542953829356539 -2.08605388131578 6.87900816685729e-05 -0.00542960828629868 0.999985257202216 147.679176698453
0.999997801461922 -0.00208437023364528 0.000229067789669636 0.27319164430856 0.00208404759227323 0.999996848614321 0.00139982393857113 -2.10521145274485 -0.000231984819138586 -0.00139934347282937 0.999998994009938 148.938018534822
0.999997548820621 -0.00208403219543486 0.000747771728334241 0.265944152251196 0.00208558559677186 0.999995656456771 -0.00208264262677721 -2.12717023088195 -0.000743428186069624 0.00208419706379284 0.999997551715569 150.210360809977
0.999996763844741 -0.00235628377795166 0.00095928452694359 0.260519916537717 0.00235916439882355 0.999992678330791 -0.0030129102459398 -2.15317626037576 -0.000952178231842675 0.00301516360559877 0.999995001060028 151.497726109908
0.999996213401291 -0.00260636687972392 0.000883195770053611 0.255576622287976 0.00260874839395555 0.999992935603431 -0.00270613655387907 -2.18029522746105 -0.000876136346122403 0.00270843034237257 0.999995948386884 152.75902617917
0.999997790861375 -0.00195264371562618 0.000778109818567783 0.248870568509149 0.0019543454822594 0.999995687109895 -0.00219232646881627 -2.20690040031725 -0.00077382563016371 0.00219384232107181 0.999997294121221 154.034478144399
0.999999040337781 -0.00123324658444931 0.00063121024988711 0.241108426187327 0.00123399393885328 0.999998536533075 -0.00118498551366121 -2.23253518585605 -0.000629747946794442 0.00118576328609789 0.99999909869107 155.304918110074
0.999999643152713 -0.000798764671654056 0.000275080800611252 0.233700730489226 0.000798922812418691 0.999999515399496 -0.000575259169696149 -2.2585067473318 -0.000274621170605159 0.000575478732743342 0.9999997967037 156.586314520842
0.999999766803009 -0.000655123890808848 -0.00019289016312571 0.224960047055544 0.000654944928622631 0.999999356415638 -0.000926399184990248 -2.28313798348388 0.000193496945223131 0.000926272636522626 0.999999552288867 157.853469812965
0.999999555461953 -0.000318778711479131 -0.000887387192657007 0.217128853804159 0.000318217786991589 0.999999749544571 -0.000632177376729426 -2.30752090936188 0.000887588495095647 0.000631894713313878 0.999999406447691 159.125862557048
0.99999844980171 -0.000863971351379319 -0.00153425802306842 0.20860772884055 0.000864800181500525 0.999999480457555 0.000539634381429125 -2.33093035892076 0.00153379099731048 -0.000540960371505648 0.999998677422652 160.407327933836
0.999997806509248 0.000101320622895821 -0.00209205899155511 0.199051063364847 -9.94933763565356e-05 0.999999613544286 0.000873505779965776 -2.35460518275822 0.00209214668721669 -0.000873295717926319 0.999997430135112 161.677535429157
0.999995978677338 0.000472305106002793 -0.00279634708852621 0.188048636901795 -0.000472415638160109 0.999999887656406 -3.88669498517717e-05 -2.37823304568835 0.00279632841731565 4.01878316495688e-05 0.999996089458514 162.939544068079
0.999993370786832 0.000855385860748652 -0.00353930747722314 0.176023167801376 -0.000860016735812794 0.999998775932579 -0.00130709776124508 -2.40108969836372 0.00353818507192858 0.00131013295987899 0.999992882373682 164.205280354673
0.99998986940646 0.00167969318481168 -0.00417608851144543 0.161916504508877 -0.0016851134455764 0.999997742007581 -0.00129474801240221 -2.42420544563967 0.00417390430245675 0.00130177207873692 0.999990441910486 165.461293462772
0.999987444408899 0.00116375101258644 -0.00487408536443971 0.149406309451658 -0.00117423551952061 0.999997001990486 -0.0021487626634812 -2.4520045718568 0.00487157012715998 0.00215445900865593 0.999985812954802 166.765907292531
0.999983006612298 0.00163839401175846 -0.00559483258830934 0.13418398618401 -0.00165608710764319 0.999993638292859 -0.00315923239137938 -2.47772191483182 0.00558962092819112 0.00316844423543743 0.999979358336464 168.0392876972
0.99997868151748 0.00192613494201294 -0.00623911169539636 0.119480818709012 -0.0019441075057717 0.999993974960222 -0.00287584583391289 -2.50329183168324 0.00623353483735168 0.00288791402912012 0.999976401219545 169.320512232596
0.999973958348599 0.00216257116130844 -0.00688519503044807 0.101797080420473 -0.00217316828447325 0.999996465139123 -0.00153200811530501 -2.52833551082196 0.00688185761567248 0.00154693090675631 0.999975123210836 170.556145466666
0.999968763539522 0.0021944021975427 -0.00759319064917018 0.0855189434921383 -0.00220308269322368 0.999996929074189 -0.00113501931138637 -2.55419236456413 0.00759067664217387 0.00115171228430604 0.99997052715914 171.875746078237
0.999962047816541 0.002581885464816 -0.00832086497884869 0.0682978560734004 -0.00258865052446147 0.999996327549853 -0.000802356073374369 -2.57787301500008 0.00831876282940342 0.000823865433700943 0.999965059104935 173.144406839125
0.999954875756685 0.00290792599414637 -0.00904380544049851 0.0483506343446636 -0.00291265075157993 0.999995628528419 -0.000509303104594937 -2.60127950962831 0.00904228489002329 0.000535621569391135 0.999958974255195 174.380950822336
0.9999491975097 0.00318454000235184 -0.00956352992779002 0.0281874549750425 -0.00319748186897449 0.99999399255738 -0.0013382671062871 -2.62692098034757 0.00955921071029893 0.00136877833253291 0.999953372881192 175.672861801654
0.999940063278372 0.00424867149065517 -0.0100905223556942 0.00617099856716872 -0.00426746761097941 0.999989197912001 -0.00184194991836158 -2.65082809978794 0.0100825875168784 0.00188490049525285 0.999947392905791 176.935420396254
0.999935891149455 0.00431928949529584 -0.0104669637145486 -0.0155189080977391 -0.00433501427505015 0.999989508418312 -0.00148010288113226 -2.67517428121077 0.0104604609067173 0.00152538243055686 0.99994412442199 178.202694907392
0.999933878955089 0.0041408841846697 -0.0107280378447204 -0.0358463024374679 -0.00416855269173877 0.999988039810924 -0.00255800773303826 -2.70223680024044 0.0107173171215934 0.00260255898592875 0.999939181050748 179.465074503819
0.999937564379359 0.00273164036691829 -0.0108353811183756 -0.0552281913483435 -0.0027764802450039 0.999987636032299 -0.00412540179650673 -2.72887594105469 0.0108239780359964 0.00415522844610743 0.999932785529126 180.737434119616
0.999938798191121 -0.000390928638849702 -0.0110565386489962 -0.0715263783170552 0.000346709918709886 0.999991936016592 -0.00400096163693657 -2.75644248368243 0.0110580135797388 0.00399688335923093 0.99993087024008 182.015547277143
0.999934890473111 -4.67399729719442e-05 -0.0114110748793738 -0.0939550765659386 4.3383123364e-05 0.999999955716776 -0.000294422061751394 -2.78081038608074 0.0114110881353338 0.00029390784400104 0.999934848220496 183.274172157169
0.999934164165605 -0.000869849654880595 -0.0114416212142747 -0.112236900347968 0.00091529392471924 0.999991711739119 0.00396720179685988 -2.80381895098843 0.0114380755140194 -0.00397741305920573 0.999926672618494 184.540274388423
0.999934090324896 0.000232429688525812 -0.0114787186812647 -0.136045766635311 -0.00019435562642951 0.999994476767032 0.00331793027660295 -2.82300628274251 0.011479426467128 -0.0033154806393365 0.99992861262998 185.806679696867
0.999933130850205 0.0017588912815883 -0.0114297913176756 -0.16126324027829 -0.00175636220599904 0.999998430843786 0.00023130449087353 -2.84322349344216 0.0114301802219999 -0.000211214170246061 0.999934651049091 187.069365794288
0.999930557166918 0.00206347549529269 -0.0116027114389969 -0.184006184366334 -0.00208283182144175 0.999996459031381 -0.00165642274304301 -2.86625970076661 0.0115992523664197 0.0016804742129551 0.999931314316618 188.329590269391
0.999929404152795 0.00188305583989693 -0.0117320420788516 -0.205172877606511 -0.00189921919970344 0.999997262515231 -0.00136672179889852 -2.89183382584844 0.0117294363491002 0.00138890703358311 0.999930243197086 189.582210584258
0.999930707054333 0.00166461323139605 -0.0116537613074638 -0.226828703977488 -0.00166677406453848 0.999998595494226 -0.000175709400820251 -2.91794986257846 0.0116534524514953 0.00019512141249989 0.999932077180043 190.831684847809
0.999932681602047 0.00181402647426914 -0.0114604350742468 -0.248781819940011 -0.0017917291979089 0.999996482749171 0.0019555551048534 -2.94218359728785 0.0114639421937542 -0.00193488946387337 0.999932414832193 192.085431442085
0.999940133449267 0.00109803777202683 -0.0108868650452292 -0.269411529973315 -0.00106769723027868 0.999995531490328 0.0027923148105407 -2.9648366145945 0.0108898824643008 -0.00278052376862922 0.999936837578997 193.335214501318
0.999955075931677 0.00111652348372938 -0.00941273041072649 -0.288950073102324 -0.00109587734964337 0.999996983262329 0.00219829913251315 -2.98683384450162 0.00941515646759378 -0.00218788517791732 0.999953282902326 194.565114005165
0.999967721039513 -1.8461703417447e-05 -0.0080347083461702 -0.30466321233048 2.4269530675302e-05 0.999999738524987 0.000722745423942541 -3.00909579174519 0.00803469290218306 -0.000722917093072234 0.999967460020997 195.797285100622
0.999976655663192 -0.000278188298558089 -0.00682720586532718 -0.320153480670083 0.000272909471525808 0.999999663126136 -0.000774124043245312 -3.03356806813777 0.00682741891767042 0.000772242762688211 0.999976394717414 197.033164831572
0.999984598571535 -0.000943451637344866 -0.00546923383424083 -0.333394869756779 0.000936106647460091 0.999998656841806 -0.00134536943976999 -3.05777417550676 0.00547049577919537 0.00134022893301006 0.999984138605376 198.274480961213
0.99999093993304 -0.000721475272189866 -0.00419517881219779 -0.345096594420225 0.000718979000345887 0.999999563621718 -0.000596511166210393 -3.08335443878886 0.00419560734956887 0.000593489516310618 0.999991022284281 199.503825342101
0.999995192917309 -0.00119620149015797 -0.00286063703897673 -0.355253011441767 0.00119994780506592 0.999998424300939 0.00130825108610381 -3.10784095005804 0.00285906759957494 -0.00131167741236867 0.999995052605175 200.731243767697
0.999998451980673 -0.000212266912996668 -0.00174670518827467 -0.365807710072801 0.000215254438281022 0.999998514153484 0.0017103673146628 -3.13163223438211 0.00174633953854888 -0.00171074065302529 0.999997011827852 201.955759771191
0.99999969493825 -0.000489230454401252 -0.000608914582890832 -0.373233116798251 0.000490322795811878 0.999998268668188 0.00179506105266062 -3.15420904566982 0.000608035330123173 -0.00179535906975685 0.99999820348781 203.16941497682
0.999999912331879 -5.98530035619876e-05 0.000414431964316937 -0.380553212442346 5.9041801862681e-05 0.999998083100301 0.0019571177250354 -3.17689574659867 -0.000414548309266598 -0.00195709308464864 0.999997998966177 204.371320886329
0.999998807109712 -0.000141342437107535 0.00153811620756439 -0.386260341532477 0.000138088209653533 0.999997752532284 0.00211562331865344 -3.199767641439 -0.00153841177805373 -0.00211540839923359 0.999996579162402 205.557084601494
0.999997329395111 0.000181975410052682 0.0023039287308184 -0.389876078070308 -0.000186601270991078 0.99999796704077 0.00200775852431666 -3.22174202516116 -0.00230355868434447 -0.00200818307841637 0.999995330398153 206.758402518835
0.999995230738734 -9.17119108187058e-07 0.00308844604063107 -0.392728258054517 -5.6004566632254e-06 0.999997773299245 0.00211029978619599 -3.2438616297718 -0.0030884410989822 -0.00211030701833317 0.999993004043462 207.939954448385
0.999992878233348 -0.00105475285600118 0.00362366927271976 -0.393324756425379 0.00104695749360203 0.999997135397453 0.00215245833749723 -3.26694158281793 -0.00362592920392643 -0.00214864918049182 0.999991117932608 209.105457228973
0.999991542452586 -0.00107254678913552 0.00397047436487342 -0.398919210201034 0.00106115982700498 0.999995321647094 0.0028689063675805 -3.28714464577923 -0.00397353282590602 -0.00286466879577871 0.999988002282813 210.241899523722
