0.999999999957307 -1.55257026967965e-06 -9.10907640693368e-06 4.24909602312391e-05 1.55259302700557e-06 0.999999999995674 2.49830667126178e-06 -1.51883389052803e-05 9.10907252809761e-06 -2.49832081384363e-06 0.999999999955392 -0.000129783479496466
0.999998204014531 0.000803679635894507 0.00171641101028434 -0.00670447281658181 -0.000802133013067173 0.99999927186968 -0.000901577916820402 -0.0209939477651814 -0.00171713434032537 0.000900199507664223 0.999998120543486 1.20505929614133
0.999994187895123 0.00117001742870948 0.00320237961375599 -0.0106300961408096 -0.00116876528048102 0.999999239828381 -0.000392849053686098 -0.0426713173450219 -0.00320283681963756 0.000389103940298719 0.99999479520367 2.40866588982469
0.999990893141065 0.000538550673360821 0.00423362706281578 -0.0113074748074268 -0.000538479341309449 0.999999854858191 -1.79887693043599e-05 -0.0649094880495957 -0.00423363613620331 1.57088847710405e-05 0.99999103799899 3.61206427048771
0.999987218064715 0.000260641640844414 0.00504933392898677 -0.0120721671974912 -0.000260831748726784 0.999999965299209 3.69916101678965e-05 -0.0859380037655327 -0.00504932411221691 -3.83081639421323e-05 0.999987251347983 4.81169114737835
0.999981786365573 -4.6230629759062e-05 0.00603529616894972 -0.0112690578800517 4.54189932833838e-05 0.999999989907471 0.000134618622067615 -0.10777068034101 -0.00603530233154199 -0.000134342053097085 0.999981778372976 6.01879595190089
0.999976481008996 0.000307085329403155 0.00685150548891356 -0.0105429573490851 -0.000301533377976539 0.999999625399164 -0.000811344041392702 -0.130361039230775 -0.00685175207418609 0.000809259001805195 0.999976199013447 7.21998289997879
0.999970925964165 7.93499738935802e-05 0.00762501999683115 -0.00829426850433433 -7.04855033720005e-05 0.999999321449606 -0.00116281216053982 -0.152076030372371 -0.00762510709198541 0.0011622408995247 0.999970253026522 8.41884939278019
0.999970088614256 -0.000363721256630252 0.00772590341936925 -0.00524651650085783 0.000360840811096627 0.999999864876542 0.000374220266305161 -0.174525990119259 -0.00772603848728398 -0.000371421251602123 0.999970084740312 9.623964185596
0.999978423882858 -0.000999148114785699 0.00649257050785224 -0.00382326096820263 0.000990739708335834 0.999998666595803 0.00129816849695898 -0.196165707160854 -0.00649385891323788 -0.00129170804011212 0.999978080403143 10.823771911293
0.999989368454311 -0.00212873606560972 0.00409041087308922 -0.00385535282255522 0.00212530653579427 0.999997386549068 0.000842595491913978 -0.216838618807493 -0.00409219384641347 -0.000833893156858848 0.999991279247837 12.020050121363
0.99999626713702 -0.00177943445246168 0.00207348138525681 -0.00883763061461706 0.00177864331639157 0.999998344741208 0.000383331185428696 -0.238372041130338 -0.00207416006582657 -0.000379641770698355 0.999997776863602 13.2187724445466
0.999998657888526 -0.00141055355484394 0.000833402553090788 -0.0147925458831777 0.00141034126768916 0.999998972890354 0.000255256233659162 -0.259790497769122 -0.000833761749682771 -0.000254080509063621 0.999999620142148 14.4143474943489
0.999999998659853 5.13527493261861e-05 6.57178533514658e-06 -0.0243982023788873 -5.13537022823499e-05 0.99999998815595 0.000145089274571225 -0.28117792144162 -6.56433452416305e-06 -0.000145089611862292 0.999999989452957 15.6127386523449
0.999999886876766 -0.000155088447996024 -0.000449659903205492 -0.0332848902448543 0.000155187972577742 0.999999963470046 0.000221306571960609 -0.302689195175661 0.00044962556468666 -0.000221376328734422 0.999999874414678 16.8150343863896
0.999999301360251 -0.000672681953345664 -0.00097199691363877 -0.0401239809170377 0.000673331325454733 0.999999550262014 0.000667907700691952 -0.323295794908389 0.000971547187038079 -0.000668561710035282 0.99999930456041 18.0149166266196
0.999998352410269 -0.00115479770751855 -0.00140057809577679 -0.0486923959546045 0.00115602007098386 0.999998951388558 0.000872261072968667 -0.344293593344846 0.00139956934202715 -0.000873878732229979 0.999998638769883 19.212974058091
0.999997674854011 -0.000746327592001327 -0.0020231860264685 -0.0582280862563702 0.000746208053015976 0.999999719796394 -5.98387408503779e-05 -0.366020311675373 0.00202323011886785 5.83288840108694e-05 0.999997951566716 20.417271196793
0.999996010920329 -0.00106634513467317 -0.00261554038074074 -0.0661884583759355 0.0010638500731336 0.999998977961771 -0.000955143149451672 -0.386411776403032 0.00261655621980882 0.000952356796484217 0.999996123317526 21.622029397422
0.999994197651522 -0.000281376527092425 -0.00339492128609028 -0.0782571611394963 0.000279924489306893 0.999999869153615 -0.000428176403918535 -0.407521566185284 0.00339504132066662 0.000427223597882584 0.999994145570077 22.8211475013887
0.999991318049497 -0.000358453230563468 -0.00415154632778681 -0.0894917247288552 0.000356436972132367 0.999999818186694 -0.000486394145277534 -0.432300840796788 0.00415171992253314 0.000484910157824896 0.999991264003753 24.029243679507
0.999987410500878 -0.000376896855287409 -0.00500367749840682 -0.102016441784124 0.000370993008152131 0.999999234064222 -0.0011807773531615 -0.455021478077904 0.00500411869718241 0.00117890615839909 0.999986784400841 25.2302125235636
0.999983041631334 -1.85213245027913e-05 -0.0058237536612682 -0.116727100340054 1.56607071276457e-05 0.999999879217311 -0.000491243428986707 -0.476817020236723 0.00582376205633853 0.00049114389419906 0.999982921140749 26.4319539675321
0.999977057761406 -0.00139238461530424 -0.00662911878940883 -0.129204715855115 0.00140062828932608 0.999998251465289 0.00123907496112497 -0.497760307485686 0.00662738192925145 -0.00124833146528132 0.999977259480093 27.6357398406703
0.99997073616271 -0.00170917093705162 -0.00745691309560395 -0.144478805152662 0.00171922912088963 0.999997620783629 0.00134263856315201 -0.518559439889701 0.00745460055518313 -0.00135541941454146 0.999971295472412 28.8425673034541
0.999964297408945 -0.00235300931765574 -0.0081158643769686 -0.16189399935959 0.00235706730633864 0.999997101828216 0.000490478218104136 -0.539089132865949 0.00811468675598215 -0.000509590345346525 0.999966945541968 30.0443776695777
0.999954196642104 -0.00282053881199216 -0.00914599249146076 -0.176823972477834 0.00281570950956209 0.999995889618158 -0.000540857418542846 -0.560170147413801 0.00914748040728004 0.000515080187424344 0.999958028266486 31.2423549248803
0.999948990265403 -0.00232226961474666 -0.00982974725201006 -0.197489832093645 0.00231759318162197 0.999997195740277 -0.000487107203053233 -0.581750929832632 0.00983085088110253 0.000464301000635759 0.999951568224949 32.4479025689269
0.99994121793758 -0.00287396034559903 -0.010454712881794 -0.215018144201375 0.00287389519819628 0.999995870128786 -2.12547016921364e-05 -0.602163960013883 0.010454730790346 -8.79229685257368e-06 0.999945347769965 33.6518886480668
0.999934087258299 -0.00319354608694163 -0.0110282547260705 -0.235675131832301 0.00319673125493175 0.999994853665818 0.000271203177502374 -0.624072644159019 0.0110273318711399 -0.000306439668327565 0.999939150171916 34.8535814206753
0.999925911928305 -0.00371564738539572 -0.0115915753396994 -0.254885419510754 0.00371713652982946 0.999993085707528 0.000106925934779348 -0.644901078608692 0.0115910978930873 -0.000150005480976493 0.999932809716727 36.0649126473413
0.999920375631787 -0.00381321861333793 -0.0120292044704472 -0.276621817867985 0.00381462106146259 0.999992719921909 9.36447513811746e-05 -0.666540965297229 0.0120287598089903 -0.000139524151702617 0.999927642117403 37.2708788455588
0.99991451101912 -0.00470617801277006 -0.0121992844833831 -0.29609287043472 0.00471489476575629 0.999988649611828 0.00068586796187927 -0.687280606671651 0.0121959182000469 -0.000743327670282865 0.99992535073536 38.473770955664
0.999918273559477 -0.00439104435999175 -0.0120068701693423 -0.318624824424827 0.00441480132596726 0.999988347932621 0.0019528257065809 -0.707638176104071 0.0119981553201771 -0.00200567405543127 0.999926008032842 39.6884689594501
0.999920750667283 -0.00388913204850949 -0.0119735974914541 -0.340534422271816 0.00392293999716697 0.999988381420813 0.00280135059601187 -0.727709733049554 0.0119625635528814 -0.00284810029535563 0.999924389840527 40.8977947837371
0.999924363381578 -0.00318129506069281 -0.0118805251433732 -0.363709835412287 0.0032092705561945 0.999992120845456 0.00233641381249342 -0.74677150174228 0.0118729987131581 -0.00237436491358817 0.999926694459556 42.1056172634649
0.999929272116266 -0.00217150677961435 -0.0116933880180634 -0.386140411748492 0.00219879786103268 0.999994887857301 0.00232153984024581 -0.764767563666713 0.011688287000293 -0.00234708703920825 0.9999289350396 43.3075063413122
0.999938227382215 0.000604667273746879 -0.0110984592265157 -0.41129551805059 -0.000557774715729559 0.999990907465689 0.00422775038463088 -0.782753389427667 0.0111009146956936 -0.00422129878548217 0.99992947267769 44.5200533609893
0.999955227300753 0.000716802384077135 -0.00943554917542378 -0.431134091478427 -0.000648714679394164 0.999973745493319 0.00721716657198898 -0.798454805019333 0.00944047473194 -0.00721072246070239 0.999929438969786 45.7300147514561
0.9999701897895 0.00126661553013446 -0.00761677211491253 -0.450644793565959 -0.00119053370156748 0.999949440174229 0.00998497494992722 -0.809015481152493 0.00762903413658105 -0.00997560927182217 0.999921139419404 46.9372886106708
0.99998056214857 0.00173417869758844 -0.00598898566319302 -0.464779579719929 -0.00165456295029303 0.999910538816842 0.0132731603040338 -0.816953748129253 0.00601146791329861 -0.0132629931485277 0.999893972012168 48.1518878717392
0.999988602717747 0.00108189974877548 -0.00465015349654286 -0.476616996153603 -0.00101398174817236 0.999893145873218 0.0145831641550756 -0.824111787942325 0.00466543413008731 -0.0145782827758659 0.99988284683541 49.3598181286752
0.999994925802147 -0.00076876902737759 -0.00309149868853396 -0.485996969933297 0.000809083691900541 0.999914381281624 0.0130604551898475 -0.827252490630246 0.00308119352494498 -0.0130628901996862 0.9999099295167 50.5665078255502
0.999998057794767 0.000241119609945876 -0.00195608487241266 -0.495241867555967 -0.000219019583394878 0.999936236857857 0.0112904494582473 -0.833092516338692 0.00195868249506438 -0.0112899991089834 0.999934347586382 51.7765116418323
0.999999108442406 0.000633468023859872 -0.00117551378349735 -0.505279639629913 -0.000620645221001383 0.999940653860361 0.0108767438520446 -0.840395872566086 0.00118233409072619 -0.0108760045777891 0.99994015551458 52.9845097972151
0.999999346583288 0.000216164878396061 -0.00112254431608275 -0.513812069264587 -0.000204538188408 0.999946444854673 0.0103472501965769 -0.847904811935761 0.00112472091013924 -0.0103470138323299 0.999945835686928 54.1957521808349
0.999998121805861 -0.000536051347339376 -0.00186253421525684 -0.522727142174867 0.000553346367660677 0.999956622604207 0.00929767270797074 -0.858491773560112 0.00185746939339078 -0.00929868587167901 0.999955041113605 55.4059618096826
0.999993813995849 -0.000194478280671682 -0.0035120006026443 -0.534484788199488 0.000228480852088393 0.999953082680483 0.00968401953212587 -0.866706252221315 0.00350995249752128 -0.00968476205163108 0.999946941401127 56.6182532433473
0.999988110689724 -0.000281326840713528 -0.0048681962166693 -0.548229068696553 0.000334749534728928 0.999939700552758 0.0109764840094852 -0.877210603733605 0.00486481468755983 -0.0109779831330796 0.99992790613343 57.8329929219222
0.99998235567031 -0.000357770016801939 -0.00592961623313683 -0.562752374787511 0.000424584724120374 0.999936395315228 0.0112705391086273 -0.886164167756425 0.00592520682079924 -0.011272857871992 0.999918904011485 59.0449345450447
0.999976715601539 0.000698654095835571 -0.00678823520608312 -0.579722831526445 -0.00062340663639943 0.999938411933981 0.0110807807989154 -0.895829683867604 0.00679555876469532 -0.0110762909587231 0.999915564515161 60.2593612945959
0.999972597540481 0.00108239119329261 -0.00732342798475237 -0.596493986816796 -0.00100256626506556 0.999940146809978 0.0108948455025288 -0.904562287625231 0.00733478213904981 -0.0108872047351238 0.99991383115948 61.4655937427669
0.999971569783618 0.000242173501041726 -0.00753664225515642 -0.612175689488071 -0.000163892097484305 0.999946054154978 0.010385659308362 -0.914448930429536 0.00753875081609667 -0.0103841288457134 0.999917665162611 62.6854066032523
0.999969325988786 -0.000883230311963269 -0.00778247940881168 -0.626102692333628 0.000956652106518995 0.999955026354252 0.00943557553166197 -0.925179074222836 0.00777379561601933 -0.00944273123003268 0.999925198666699 63.8959276399244
0.999966041696828 -0.00126518755257657 -0.00814338711067086 -0.642454243551283 0.00135204629323207 0.999942165026509 0.0106695160582846 -0.933760538542706 0.00812941719918423 -0.010680163975981 0.999909919279456 65.1017533404813
0.999963446580639 -0.00147804102609857 -0.0084214545831021 -0.658866307743069 0.00158113760782319 0.999923732288704 0.0122486574649252 -0.945542571458482 0.00840270827978747 -0.0122615252131662 0.999889518643441 66.3196099720397
0.999962045176172 -0.000953073216617363 -0.00866024587007698 -0.675965334157873 0.00104503743637256 0.999943051517322 0.010620810655594 -0.956003232930843 0.00864963027204045 -0.0106294578257391 0.999906094852156 67.5238906898564
0.999961810166832 0.00076294479178263 -0.00870609689342304 -0.695638298457914 -0.000680855566777558 0.999955323563315 0.00942800684574299 -0.964234999216019 0.00871290098475626 -0.00942171919719965 0.999917654891541 68.7267489362372
0.999957397281518 0.00287799123389826 -0.00877044972788077 -0.717396012690843 -0.00279207892193585 0.999948157145271 0.00979220695607337 -0.975604135686323 0.00879817692850971 -0.00976730199361599 0.999913592214097 69.9240470132518
0.999950690842579 0.00470967765794513 -0.00874270094463591 -0.737165353708548 -0.00462211077677007 0.999939222885186 0.0100093270371899 -0.987018899803905 0.00878931029241493 -0.00996842375345302 0.999911685376491 71.1256342823785
0.999944376120808 0.00625280016696795 -0.008493948106761 -0.757063865800288 -0.0061640683754073 0.999926577893419 0.0104327888611034 -0.996664075921759 0.00855855860713045 -0.0103798512720089 0.999909500786016 72.3218058915381
0.999949501975773 0.00673275504260077 -0.00746079807656122 -0.775283027654291 -0.00664733911184004 0.999912752771315 0.0114148906269035 -1.00616866137824 0.00753700080503428 -0.0113647197426202 0.999907014058826 73.5191668850593
0.99994917476312 0.00853336397813051 -0.00536931930244133 -0.791723678378031 -0.00846744869388177 0.999889950207013 0.0121815346994464 -1.01595713276788 0.00547267787936622 -0.0121354511343453 0.999911386385111 74.7112810191451
0.999971208960672 0.00705400743530703 -0.00279682477734638 -0.80135772271133 -0.00702546648772639 0.99992444941649 0.0100865395334217 -1.02856364713206 0.00286776400046776 -0.01006660013272 0.999945218245182 75.9007237490081
0.999991025337628 0.00422602821987397 -0.000299882785724491 -0.806107703507444 -0.00422446642683231 0.999978424308043 0.00503038783910747 -1.03984937170753 0.000321134876510862 -0.00502907584831473 0.999987302553639 77.0833270639317
0.999984382353333 0.005148876728211 0.00217350359133791 -0.809850614714633 -0.00515871529128473 0.999976362677695 0.0045455189396298 -1.05262727401696 -0.00215004789884709 -0.00455666043553338 0.999987306989298 78.2658648259302
0.999978521140109 0.00423229587217723 0.00500449099222997 -0.810186971568643 -0.00427289730156348 0.999957819133756 0.00813033221421562 -1.06910577447738 -0.00496986992699516 -0.00815154126000552 0.999954425345473 79.4514376997402
0.999955480993956 0.00452686606335281 0.00827910102554975 -0.806933408439394 -0.00460512971717938 0.999944661797377 0.00945865335121041 -1.08202665730501 -0.00823582481811904 -0.00949635859552898 0.999920992060368 80.6304222070181
0.999910707970107 0.0048695793009869 0.0124444077460857 -0.801710008220482 -0.00496421432022305 0.999958910716285 0.00758508109940694 -1.09373484305996 -0.0124069602603672 -0.00764618051925849 0.999893795990636 81.8094466798532
0.999866455986897 0.00411494044537699 0.0158157344860498 -0.789889233430333 -0.00418818173098979 0.999980646692554 0.00460058410746458 -1.10995368929886 -0.0157964972696616 -0.00466620889723691 0.999864339382367 82.9825654752121
0.999812975541813 0.00268129708233128 0.019152665197863 -0.772629987292282 -0.0027050945616982 0.999995601023036 0.00121671606773947 -1.12650045705735 -0.0191493185684875 -0.0012682982825449 0.999815830549721 84.1463722719001
0.999742887126219 0.00212777717507375 0.0225750349905837 -0.751574789936415 -0.00213468559844931 0.999997681814733 0.000281926509131817 -1.14902831102443 -0.0225743827806789 -0.000330044624275748 0.999745111672279 85.3159775602427
0.999655108938008 0.00185913795223603 0.0261955488626086 -0.728501143801006 -0.00191430824724329 0.999996002060992 0.00208117417997104 -1.17066348324608 -0.0261915749444988 -0.00213060275682668 0.999654671340968 86.4830637259516
0.999547215993361 0.00289374159012868 0.0299497789562886 -0.702829029620685 -0.0029718945352286 0.999992293556695 0.00256528167879238 -1.19143478563637 -0.0299421248877308 -0.0026531277446872 0.999548112934229 87.6488665725544
0.999430728510711 0.00249174545821119 0.0336453579728566 -0.672310716728867 -0.00250751518106327 0.999996765220086 0.000426517269047398 -1.21215160543569 -0.0336441863650604 -0.000510640710815686 0.999433743661828 88.8079601294514
0.999312497351253 0.00248038258881561 0.036991625265918 -0.637489917054639 -0.00241202958158669 0.999995300626767 -0.00189231014340071 -1.23360346179379 -0.0369961450815968 0.00180178428075251 0.99931378396503 89.9613466057122
0.999189631719907 0.00244203394423768 0.0401760666772073 -0.598589653189024 -0.00235609422201715 0.999994834471268 -0.00218628698902198 -1.25628754770826 -0.0401811981336196 0.00208985669283335 0.999190224039222 91.1221590867616
0.999071512026851 0.0010745050637566 0.0430692383871486 -0.554488890239134 -0.00103510846030406 0.999999025273609 -0.000937017773512136 -1.27988621177544 -0.0430702032367677 0.000891566430745413 0.999071650434764 92.2811490794125
0.998949383896447 0.000396568408075077 0.0458254421299713 -0.507811198879251 -0.0004180975487232 0.999999806694246 0.000460223760192366 -1.29940211572252 -0.0458252507614458 -0.000478899746722368 0.998949356598063 93.4445007188719
0.998819092965074 -0.000248123958500365 0.048583515341394 -0.45999426488634 0.000138524956366888 0.999997438313384 0.00225924268431067 -1.31952881130633 -0.0485839514578911 -0.00224984469938835 0.998816568674932 94.6088878283327
0.998698558211406 -0.00183265702624362 0.0509689238132702 -0.404416955208246 0.0016662831180263 0.999993145179792 0.00330652294684008 -1.33925449482113 -0.0509746341529722 -0.00321729104240809 0.998694766037811 95.7694201714636
0.99857732445993 -0.00295222976186431 0.0532410688649416 -0.346409073190176 0.002902534121295 0.9999952768735 0.00101070587537928 -1.35819107934937 -0.0532438012366041 -0.000854733949817466 0.998581177000524 96.930882664317
0.99844906299359 -0.00435970997573039 0.0555019056983558 -0.286120996178473 0.0045115364317161 0.999986415532295 -0.0026105152551844 -1.37483451079935 -0.0554897706451105 0.00285686538005714 0.998455168584926 98.0948539939764
0.998337259520989 -0.00364090473760807 0.0575279068349661 -0.2221311711379 0.003957591048486 0.999977631951469 -0.00539194490190585 -1.3995104376454 -0.0575069884902158 0.00561065142598505 0.998329337876716 99.2695272303851
0.998239759719148 -0.0035767669154296 0.0591995680245272 -0.158513237735935 0.00395628098041313 0.999972361340643 -0.00629479114995264 -1.42367848336702 -0.0591754168271078 0.00651792093003505 0.998226320405392 100.447814830692
0.998216657449419 -0.00347216049398609 0.0595940340303723 -0.0956664715407041 0.00381773407944834 0.999976547356179 -0.00568591629494699 -1.44879345957277 -0.0595728939787869 0.00590329053312873 0.998206502415143 101.629732832476
0.998262692560829 -0.00333582584575727 0.0588257503745583 -0.0314655958408811 0.0035703484116564 0.999986090943268 -0.00388207833780276 -1.47334574827243 -0.0588119822266046 0.00408536239864135 0.998260717728915 102.820278039652
0.998338003396972 -0.00401606942038614 0.057490017914058 0.0313946237975485 0.00416266059507523 0.999988382817952 -0.00243032629662694 -1.4970670084298 -0.0574795896829325 0.00266559853475872 0.998343123056564 104.015822523734
0.998449725449992 -0.00358546598015015 0.0555453884903227 0.0897697065819077 0.00367822985296231 0.99999200610696 -0.00156791177234717 -1.51866927783651 -0.0555393227721086 0.00176978978476933 0.998454932117686 105.217243109211
0.998585910845008 -0.00334135345086723 0.0530567056927057 0.144615657163375 0.00340276864938575 0.999993641054104 -0.0010672473351107 -1.53984466702584 -0.0530528022574187 0.00124627784699925 0.998590930743998 106.417530818073
0.998744609704953 -0.00285241371528447 0.0500106820719128 0.197809131769957 0.002916067265248 0.999995028404817 -0.00119988222474212 -1.5578434900331 -0.0500070108785322 0.00134421041714461 0.998747962181325 107.624024417319
0.998929521646506 -0.0013865598226435 0.0462373034998969 0.245053168288786 0.00146270559803825 0.999997629271735 -0.00161305401105939 -1.58020503353957 -0.0462349572879311 0.00167895883432503 0.998929181584869 108.832676142475
0.999102863632513 -0.00116825502427838 0.0423332382592021 0.288899507633281 0.00122077961669525 0.999998516843023 -0.00121491105917117 -1.60101592586662 -0.0423317561464155 0.00126550067265226 0.999102807988051 110.04532605903
0.999265951329773 -0.000640201540046454 0.0383033765481689 0.328356952403696 0.000648854041527116 0.999999766710926 -0.00021346317539526 -1.62108180721934 -0.038303230952956 0.000238159783712633 0.999266133609301 111.262998974405
0.999420661072733 -0.000415385686291496 0.0340318920377947 0.362577003877354 0.000393032923795023 0.999999702642923 0.000663505226978674 -1.63942107087445 -0.0340321575287449 -0.000649745178542349 0.999420527148178 112.478527289146
0.999561508200313 -0.000376644403158283 0.0296082668069181 0.391542670073709 0.000340058938052041 0.999999172541129 0.00124067601605281 -1.66208017752271 -0.0296087096009727 -0.00123006343402578 0.999560809185571 113.701990348538
0.999690463171298 0.00025828422242025 0.0248779246243604 0.413387736954446 -0.000291403952027739 0.999999076182623 0.00132767376935526 -1.68108862562436 -0.0248775587245142 -0.00133451233098093 0.99968961490492 114.922228560476
0.999801194178756 0.0010875591791029 0.0199095287178275 0.429021327035058 -0.00111256899546779 0.999998605907537 0.00124513983637943 -1.70018773486818 -0.0199081467988452 -0.00126704301969753 0.99980101034807 116.146524411099
0.999886325754233 0.00157093370928464 0.0149955905846178 0.439342158159858 -0.00158446039784408 0.999998348507549 0.000890206392912322 -1.71923161469571 -0.0149941673642823 -0.000913865118795641 0.999887163531764 117.371885298542
0.999943085744894 0.00264581871251159 0.0103356138821311 0.445161227115253 -0.00264909120459203 0.999996445263633 0.000302945354918496 -1.73904543056999 -0.0103347756032597 -0.000330308096838496 0.999946540225922 118.60215653639
0.999965978685432 0.00459636684840371 0.00684944402717564 0.444553278093055 -0.00459844851623171 0.999989385549639 0.000288200102727186 -1.75833916396299 -0.00684804665069413 -0.00031968711350461 0.999976500752502 119.835209505507
0.999966869645583 0.00656203046299573 0.00481657216461426 0.439994289058434 -0.00656400324951275 0.999978379122599 0.000393889171439889 -1.77953957871123 -0.00481388331335596 -0.000425492117092079 0.999988322673772 121.071902173299
0.999962980048759 0.00773375140651068 0.003771951906747 0.434996758843705 -0.00773413879423157 0.999970087218043 8.81263355400925e-05 -1.80001384694493 -0.00377115753000063 -0.000117295872679396 0.99999288228095 122.313291451994
0.999948457170835 0.00977427312267554 0.00274710512923093 0.424616111969122 -0.00977506095352385 0.999952185545965 0.000273505398996175 -1.81497413235552 -0.00274430046142868 -0.000300344421838089 0.999996189296842 123.556612337975
0.999936861784797 0.0110868134538603 0.0018316690231336 0.417963724079115 -0.0110888262315904 0.999937920371145 0.00109239948502141 -1.83738307241827 -0.00181944408449294 -0.00111264157237896 0.999997725823391 124.805798529262
0.999940058088606 0.0108822844354826 0.00120669599310116 0.410597452563651 -0.0108840853935841 0.999939647386499 0.0014960847936543 -1.856743071489 -0.00119034234558013 -0.00150912889770517 0.999998152805829 126.052599539695
0.999892646768429 0.0146488980044261 0.000323613474404173 0.398076225098696 -0.0146499495546445 0.9998864549344 0.00352933658989289 -1.87347629423747 -0.000271875837962362 -0.00353369862527989 0.999993719509055 127.302288386909
0.999878387048427 0.01559304594627 -0.000260828588609795 0.386237413144838 -0.0155909229469416 0.999855523707287 0.00677161972424001 -1.8891729656973 0.000366381082553022 -0.00676672964915104 0.999977038303759 128.556015262135
0.999895961154117 0.0143995466407218 -0.000848483485763159 0.379002752809851 -0.0143938649649782 0.999876177007111 0.00635981957411137 -1.89951397610107 0.000939956942582527 -0.00634694494910377 0.999979416173533 129.807651428384
0.999896884492121 0.0143043136188714 -0.00126767300355499 0.366946890750301 -0.0142980839685048 0.999886284135931 0.00479412053153841 -1.9123661238134 0.00133610545263383 -0.00477550088831552 0.999987704631154 131.062969988914
0.99993187649581 0.0114859933376859 -0.00207709523468803 0.361055307908308 -0.0114737322503707 0.999917227850754 0.00582159046224949 -1.92529031505925 0.0021437900583154 -0.00579736184052591 0.999980897197479 132.320960363683
0.999951051196791 0.00941304428977989 -0.00304791857357785 0.355532376335503 -0.00938923826650961 0.999926019534435 0.00773289485219497 -1.93871941590454 0.0031204831688747 -0.00770389870254237 0.999965455668131 133.584099543001
0.999976245200896 0.00605030792564046 -0.0033019400241998 0.349540759209722 -0.00601839147372295 0.999935886225843 0.00959178824868038 -1.94901075472896 0.00335976159682486 -0.00957168802998909 0.999948546071381 134.85107410756
0.999984832119332 0.00413357249547617 -0.0036399326498229 0.339487800080191 -0.00409455288871888 0.999934766972937 0.0106628530619422 -1.95469318996639 0.00368377088213799 -0.0106477874323133 0.999936525212918 136.117448662152
0.999993737316649 -5.36088968120162e-05 -0.00353870789500337 0.334830973071067 8.49926821234712e-05 0.999960664626861 0.0088691586551903 -1.96844630727189 0.00353809323279673 -0.0088694038747333 0.999954406746219 137.389732411355
0.99999053741796 -0.00256463013614348 -0.00351393608423436 0.327857935568297 0.00259223372728984 0.999965643125299 0.00787355658585408 -1.97790720359807 0.0034936225958739 -0.00788259102531203 0.999962828989101 138.662826553074
0.999986547822045 -0.00393373276097849 -0.00338081669347884 0.321269343649336 0.00395919538492325 0.999963599276223 0.00755810124601315 -1.98880813344475 0.00335096207882201 -0.00757138488694027 0.99996572200453 139.937764924162
0.999987266604414 -0.00410626981374748 -0.00293345824067211 0.311090939968428 0.0041295239844588 0.999959746980966 0.00796564180864761 -2.00019638612616 0.00290063108561574 -0.00797765416514162 0.99996397103762 141.21705803076
0.999991157106791 -0.00352117231933246 -0.00229935941508434 0.30115457488928 0.003543872776198 0.999944275176266 0.00994421982655788 -2.01143353323709 0.0022642159720956 -0.00995228052811772 0.999947911362548 142.49929173959
0.999998055867913 -0.00120054949012423 -0.00156427021861496 0.288254031498472 0.00121844638020007 0.999933236532659 0.0114907730697096 -2.02170217450293 0.00155037054076133 -0.0114926567095144 0.999932755335549 143.780908910556
0.999998615966301 -0.00136902936653724 -0.000945422696545928 0.279233002874574 0.0013782592427091 0.99995071439474 0.0098320487645766 -2.03357848002301 0.000931915737324171 -0.00983333819425956 0.999951217306632 145.065503527179
0.999999519172678 -0.000839109307382262 -0.000507493825716304 0.27128873425881 0.000843117687647312 0.999968039410067 0.00795042835017228 -2.04379870192121 0.000500806327487942 -0.00795085240440994 0.999968266066012 146.343910051599
0.999999562570962 -0.000934869379558201 -2.96163369606163e-05 0.261506935633081 0.000935018880627868 0.99998426843429 0.00553069829500209 -2.05501414649329 2.44453905656931e-05 -0.00553072356754829 0.999984705132655 147.618585287011
0.999997843925208 -0.00204821005576273 0.000342024126498589 0.256834864940666 0.00204770321670321 0.999996814585348 0.00147571362187125 -2.07800356518835 -0.000345045608489668 -0.00147501007621829 0.999998852643743 148.886095007184
0.999997630780704 -0.00201834463094871 0.000815302354656931 0.250852080191211 0.00201997275678718 0.999995957652666 -0.00200109679648114 -2.09998301360495 -0.000811260155946445 0.00200273894398895 0.999997665444116 150.156201290325
0.999996873605915 -0.00227395847988302 0.00104014000357476 0.245915963367581 0.00227697701449322 0.999993173244585 -0.00291012712778419 -2.12515588134568 -0.0010335153945336 0.00291248640445994 0.999995224623034 151.426781252167
0.99999638688685 -0.00251855217110442 0.000939738371485815 0.24078084110116 0.00252099445885691 0.99999342448578 -0.00260683182064959 -2.15226493147981 -0.000933166750281189 0.00260919147709855 0.999996160652456 152.699241296724
0.999997812277035 -0.00192720597610835 0.000813214774985371 0.233721997490874 0.00192891270058407 0.999995927917132 -0.00210319874178036 -2.17669027517162 -0.000809158166323315 0.00210476276087195 0.999997457615159 153.970397962457
0.999999065313854 -0.00119343925865174 0.000667138782334566 0.2276229143884 0.0011941302805801 0.999998750002084 -0.00103636245745405 -2.20327634142463 -0.00066590111276956 0.00103715813940175 0.999999240439063 155.244861434248
0.99999965754714 -0.000756127106248105 0.000336418493506564 0.219398153869087 0.000756285104579458 0.99999960367484 -0.000469769095940817 -2.22774219477137 -0.000336063155028332 0.000470023363362591 0.999999833069783 156.513541846821
0.999999812284649 -0.000591457556621077 -0.00016002695255067 0.210197738503513 0.00059132552258407 0.999999485788626 -0.00082386686479917 -2.24714299354973 0.000160514152545826 0.000823772082125368 0.99999964781732 157.781421391451
0.999999668578671 -0.000254182468944015 -0.000773455765586887 0.202177475939939 0.000253741026286088 0.99999980490981 -0.000570785278553628 -2.27622197668774 0.000773600698304594 0.000570588831923466 0.999999537985065 159.051911120039
0.999998725791781 -0.000720516452247803 -0.00142452478262171 0.193174696903101 0.000721416312051535 0.99999954052298 0.000631278332859707 -2.29932249634569 0.00142406928166053 -0.000632305203894772 0.999998786107668 160.325441090923
0.999997900703195 0.000176280560664553 -0.00204144908480204 0.182581191756774 -0.000174324702704754 0.999999525720546 0.000958211658280003 -2.32167686034202 0.00204161703067304 -0.000957853771704536 0.999997457154793 161.595172308738
0.999996202891173 0.00051702567910128 -0.00270682243303296 0.169629371953231 -0.000516861112584094 0.9999998645364 6.14961125222003e-05 -2.3403305853937 0.00270685386142639 -6.00968277604636e-05 0.999996334658555 162.860227590734
0.999993675819079 0.000943949705392363 -0.00342888914948191 0.156969238961156 -0.000948137453514212 0.999998806447253 -0.00121989320752771 -2.36600582629691 0.00342773353908799 0.00122313655092894 0.999993377267951 164.133474542526
0.99999013488503 0.00176391266546221 -0.00407660946475015 0.142194307861421 -0.00176862453918882 0.999997771834941 -0.00115251568034558 -2.38958447047316 0.00407456744438568 0.00115971430218193 0.999991026441177 165.404968707828
0.999987844009712 0.00129861021773111 -0.0047566211022818 0.129234328825469 -0.00130845398580822 0.999997007806629 -0.00206696055973994 -2.4137682964328 0.00475392269344915 0.00207315925362771 0.999986551024429 166.682830113534
0.99998317705598 0.00176252198038113 -0.00552622124932112 0.113992009028978 -0.00177936491503584 0.999993782763506 -0.0030443874313561 -2.43865434160398 0.00552082109173213 0.00305416938000054 0.999980096093853 167.957933448342
0.999978844001247 0.00201896179388137 -0.00618347339318074 0.0990283899601467 -0.00203600735447748 0.99999414172685 -0.00275157882550054 -2.46418488887258 0.00617788183618305 0.00276411021040707 0.999977096473096 169.228582516682
0.99997431985005 0.00222521356099981 -0.00681234651475836 0.079238515743733 -0.0022348976594469 0.99999650253211 -0.00141426871521836 -2.48797689797137 0.00680917563887117 0.00142945729386686 0.999975795596555 170.503086989163
0.999969020434189 0.0022132605162952 -0.00755378380522554 0.0631424827168173 -0.00222119351759763 0.999996990289601 -0.00104197461402289 -2.51331338155878 0.00755145490925167 0.00105872074972326 0.999970926896941 171.784259172804
0.999962447064 0.00255220077334225 -0.00828195224509496 0.0453237871799936 -0.00255805347913518 0.999996485851591 -0.000696165833369669 -2.53725957196665 0.00828014638610735 0.000717325367053279 0.999965461713625 173.057541622273
0.999955339911439 0.00293830043188717 -0.00898245919395169 0.0257198106888966 -0.00294177656940941 0.99999560310102 -0.000373803749930234 -2.5556631923422 0.00898132135126616 0.000400211443814101 0.999959587032189 174.334488078622
0.999949532689546 0.00319454764659797 -0.00952506899146299 0.00590789809918188 -0.00320629586286112 0.999994117585933 -0.00121838432843309 -2.58539961694367 0.00952112077427411 0.00124886302915373 0.999953893237251 175.61001297119
0.999940674986776 0.00423999352640384 -0.0100333923418849 -0.016155834066837 -0.00425753552077995 0.999989444255765 -0.00172764820926094 -2.60900347562781 0.0100259612147384 0.00177026324079758 0.999948171791808 176.882903443629
0.999936245715477 0.00439472992819947 -0.010401483225783 -0.0379796701901578 -0.00440883974980165 0.999989391259574 -0.00133397914760953 -2.63353899467807 0.0103955104010638 0.00137975257342613 0.999945013311401 178.156346091398
0.999933938754689 0.00417216842841313 -0.010710328526146 -0.0601584526160932 -0.00419849296588166 0.999988217851498 -0.00243655802332033 -2.65469842037652 0.0107000366050059 0.00248136430024234 0.99993967420433 179.429499114748
0.999938361616556 0.00277870094176607 -0.0107495017872567 -0.0791726860081029 -0.00282177827584868 0.999988041533744 -0.0039942905338735 -2.6856232464159 0.0107382743008342 0.00402437704288146 0.999934244765353 180.696928272306
0.999939627079529 -0.000350188199739749 -0.0109826938533522 -0.0958991513685754 0.000307895770952664 0.999992532544962 -0.00385227913153818 -2.71191762919323 0.0109839608632737 0.00384866503320543 0.999932267896789 181.964401159672
0.999936096751925 -1.02091418912442e-05 -0.0113049683014986 -0.116332004783407 8.17344406187191e-06 0.999999983745483 -0.000180117265148034 -2.73561055756227 0.0113049699565845 0.000180013354543723 0.99993608058189 183.232974293476
0.999935110484349 -0.000887450022725294 -0.0113572555272185 -0.136104419677974 0.00093411553104527 0.999991141334906 0.00410422707549661 -2.75855520165596 0.011353512620684 -0.00411456974296759 0.999927081374938 184.499190687025
0.999935178599833 0.000170877520263355 -0.0113846123953691 -0.159848845168835 -0.000131855650217268 0.999994114806359 0.00342826001546915 -2.77653613356602 0.0113851312072909 -0.00342653666538495 0.999929316318845 185.762336571958
0.999934891262993 0.00179484667688941 -0.0112690620849191 -0.187905066156532 -0.00179112882832274 0.999998338127295 0.000340000247308129 -2.79279253876549 0.0112696536054865 -0.000319793768352987 0.999936444300116 187.016793314579
0.999931815271663 0.00200814725243203 -0.0115035712772024 -0.207891626992476 -0.0020260905406244 0.999996748764052 -0.00154835992150514 -2.81824875966351 0.0115004245416558 0.00157156162395266 0.999932632945552 188.269766458795
0.999930526261181 0.00185085221635081 -0.0116411767923401 -0.229373886089381 -0.00186579868861384 0.999997448872658 -0.00127320203758905 -2.84356707240069 0.0116387905854025 0.0012948336758763 0.999931428628714 189.521480592767
0.999931877628507 0.0016310083551049 -0.0115576777110826 -0.251171722975467 -0.00163213985162117 0.999998664145525 -8.84684704265597e-05 -2.86850439746583 0.0115575179788926 0.000107326190129004 0.999933203898769 190.772372551756
0.999933336865445 0.00174061062213638 -0.0114145564871408 -0.274244626618432 -0.00171703819671 0.999996373912015 0.00207459457528075 -2.8890036683353 0.011418126158309 -0.00205485704681651 0.999932699714111 192.020872806383
0.999942063136197 0.00114597874225544 -0.0107031352251651 -0.293303147253653 -0.00111510452753497 0.999995201868934 0.00289011781806452 -2.91415192838121 0.0107063958837015 -0.00287801525915372 0.999938543169204 193.268973967616
0.999955717915324 0.00115715977745973 -0.00933933561338106 -0.31257800976822 -0.00113552498088534 0.999996660617694 0.00232149444953983 -2.93549492396809 0.00934199076576956 -0.00231078660003218 0.999953692664726 194.508788353739
0.999968520831303 4.09975693808702e-05 -0.00793446064045614 -0.328035168502583 -3.4561348875471e-05 0.999999670292003 0.000811308448350219 -2.95616156107544 0.00793449128607542 -0.000811008683372374 0.999968192550616 195.744229914838
0.999977542742991 -0.000216714416692356 -0.00669828668774069 -0.343608579802221 0.000212232277192882 0.999999753128707 -0.000669850718977535 -2.97897834876986 0.00669843020043383 0.000668414083330751 0.999977341871036 196.976151828129
0.999984951851938 -0.00104882227301208 -0.00538479725860649 -0.358132744944316 0.00104244944563001 0.999998753166425 -0.00118615544877565 -3.00308238039405 0.0053860346109144 0.00118052422041577 0.999984798381323 198.203310313655
0.999991616738739 -0.0006980123072853 -0.00403475291214875 -0.37028626901066 0.000695963315249758 0.999999628166214 -0.000509217535253883 -3.02810140864889 0.00403510685199799 0.000506405226337293 0.999991730699029 199.429601504627
0.999995564269615 -0.00118539967098 -0.00273244738537632 -0.380680620428107 0.00118924375048833 0.999998304948494 0.00140563133173112 -3.05249770479182 0.00273077651881911 -0.00140887464270611 0.999995278954779 200.653107840692
0.999998672945756 -0.000195358065960487 -0.00161738738470136 -0.390747466716269 0.000198257636265018 0.999998373309762 0.00179278323818978 -3.0754988763257 0.00161703451904699 -0.00179310151846899 0.999997084988906 201.869844071513
0.999999773719676 -0.000473250148368513 -0.000478115983865159 -0.398798034818962 0.000474146230602155 0.999998128235756 0.00187582257580015 -3.09706535513144 0.000477227355632445 -0.00187604884822995 0.99999812634563 203.078218081828
0.999999838798234 -5.56216850725843e-05 0.000565074980534295 -0.405546516993597 5.44727934409269e-05 0.999997932013063 0.00203297867968515 -3.11954958817512 -0.000565186889666497 -0.00203294757075271 0.999997773841499 204.280254378432
0.999998589320359 -0.000193819750392916 0.00166846971710585 -0.410214087126612 0.000190076398303858 0.999997465397534 0.00224345034948451 -3.14162881711255 -0.00166890031318515 -0.00224313004798027 0.999996091562028 205.475231659116
0.999996951486791 0.000157961776253847 0.00246415608326172 -0.415899470456955 -0.000163254591758446 0.999997680000806 0.00214786893085409 -3.16216193084714 -0.00246381108523012 -0.00214826466784268 0.999994657282654 206.669080851717
0.999994809144074 -2.81569140877885e-05 0.00322193918244773 -0.418103124384152 2.08053244767236e-05 0.999997396613736 0.00228173900526526 -3.18376920801372 -0.00322199504122466 -0.00228166012759668 0.999992206357138 207.844849791072
0.999992267127493 -0.00115514422897607 0.00375916573547923 -0.421265858416011 0.00114660623799782 0.999996760265204 0.0022726093442804 -3.20619539794933 -0.00376177874834796 -0.00226828148760011 0.999990351913328 209.005404565315
0.999991434686489 -0.00121306168815495 0.00395714985789719 -0.421881648319674 0.00120069722554341 0.99999439487042 0.00312546859125823 -3.22804072771998 -0.00396091906376505 -0.00312069048178444 0.999987286124722 210.161063167105
