0.99999999988035 1.241546794205e-06 -1.54194231835363e-05 4.64407793623082e-05 -1.24143166280536e-06 0.999999999971354 7.46665496081838e-06 -3.16122972145177e-05 1.54194324532962e-05 -7.46663581776484e-06 0.999999999853245 5.10900154245139e-05
0.999998478487222 0.000726725923480712 0.00158584131426389 -0.00571200002131159 -0.000725484253722498 0.999999429972798 -0.000783407095689076 -0.0222072889986754 -0.00158640973253628 0.000782255400822768 0.999998435689101 1.21166204726077
0.999994306259678 0.00114122282669223 0.00317569814150681 -0.00964558444886581 -0.00113988963559698 0.999999261457016 -0.000421588711852887 -0.0421657741249482 -0.00317617692277867 0.00041796636603895 0.99999486858897 2.40537581012273
0.999992336844679 0.00040978740159359 0.00389336951805793 -0.0113210443860046 -0.000410294608339704 0.999999907447059 0.000129476670399256 -0.0662946026631269 -0.0038933160998068 -0.000131073106720953 0.999992412426008 3.61969730166735
0.999987028658103 0.000230129105934998 0.00508817807599901 -0.0117530810788413 -0.000230045930350527 0.999999973396087 -1.69320855646761e-05 -0.0856951379511698 -0.00508818183719928 1.57613512735229e-05 0.999987054994799 4.81026814606435
0.999982041753759 -6.95039633079376e-05 0.00599260704380982 -0.0105014382120274 6.87670327057869e-05 0.999999990048984 0.000123179250771111 -0.108306714215707 -0.00599261554562341 -0.00012276494488322 0.999982036582503 6.02213369911706
0.999976723739996 0.00027239307099438 0.00681746142182475 -0.00972274967774907 -0.000266736929157361 0.999999619518464 -0.000830550623502416 -0.130859068397845 -0.00681768506414151 0.00082871282266585 0.999976415924608 7.21277666296667
0.999971007011828 3.68157528590232e-05 0.00761470815928492 -0.00778425776553861 -2.78333557355427e-05 0.99999930374975 -0.00117971408420996 -0.152199770326393 -0.00761474628960462 0.00117946793789245 0.99997031180647 8.41546639032664
0.999971446651751 -0.000622802949731208 0.00753113521919829 -0.00584686919000196 0.000619841240650041 0.99999972965279 0.000395589664003989 -0.173805294360255 -0.00753137955758652 -0.000390910260396778 0.999971562351214 9.63631160661477
0.999978025285975 -0.00106798876634912 0.00654280865966017 -0.00342267151566252 0.00105963069425924 0.999998618395034 0.00128077742582277 -0.196727814943088 -0.00654416747598621 -0.00127381632022267 0.999977775385048 10.8227404038525
0.999989336541402 -0.00243220205524845 0.00392570970005653 -0.00535291036812201 0.00242871545819149 0.999996652237451 0.000892667414682383 -0.217562071891368 -0.00392786770523326 -0.000883123463927466 0.999991895941281 12.0440694647855
0.999996330427596 -0.00178770438015635 0.00203549610431621 -0.00631254717606965 0.00178691574658478 0.999998327728982 0.000389193209641411 -0.239271331093934 -0.00203618846282067 -0.000385554521427835 0.999997852639822 13.217494024045
0.999998228918029 -0.00174187921537358 0.000712753536430583 -0.0169527815575599 0.00174163796519913 0.999998425901404 0.000338957095363582 -0.261826488115499 -0.000713342836805559 -0.000337715136423905 0.999999688545193 14.4321788488972
0.999999992851149 9.4400766640471e-05 7.33907149923459e-05 -0.0215115184415606 -9.44101631479482e-05 0.9999999873461 0.000128041089283596 -0.283267092903812 -7.33786268866773e-05 -0.000128048017197626 0.999999989109641 15.6270200851652
0.999999697394112 -0.000472618605938119 -0.000617934735930129 -0.0326382623543597 0.000472796019075226 0.999999847049734 0.000286992044753459 -0.304482987847697 0.000617799003636739 -0.000287284114991173 0.999999767896087 16.8162513930958
0.9999992338515 -0.00078911514769452 -0.000953726216856256 -0.0361771540516841 0.000789736286729054 0.999999476208824 0.00065107501486167 -0.325300647659419 0.000953211944146366 -0.00065182770824258 0.999999333253592 18.0121623270322
0.999998079014547 -0.00126338900782962 -0.00149860449412841 -0.0475218528937479 0.00126472411539254 0.999998803929646 0.000890287700096797 -0.345657560941946 0.0014974779219979 -0.000892181311110237 0.999998480785037 19.2168086697205
0.999997479340046 -0.000822006885499443 -0.00208940619178484 -0.0518465649210655 0.000821829167992439 0.999999658607777 -8.59136116394896e-05 -0.36901805864405 0.00208947610005814 8.41962601282965e-05 0.999997813497918 20.4246640342303
0.999995929893201 -0.00112963794450231 -0.00261994563797737 -0.0685862528098031 0.00112708487669374 0.999998888799678 -0.000975745402229649 -0.387397213529654 0.00262104496572347 0.000972788529735329 0.999996091895245 21.6225330135428
0.999994075123355 -0.000336898790814792 -0.00342581631011329 -0.0721273772473888 0.000335692639725316 0.999999881475651 -0.00035264590593536 -0.413072525692843 0.00342593471004994 0.000351493795231512 0.999994069694153 22.8303248778007
0.999990885980787 -0.000435943008567408 -0.00424710596226188 -0.0881017810444723 0.000433674680862548 0.999999762853737 -0.000534994149467378 -0.433496707623456 0.00424733818203566 0.000533147411197648 0.999990837894131 24.035102303995
0.999987398438135 -0.000431460108850125 -0.00500168042819065 -0.0963053894285637 0.00042560397288352 0.999999222827069 -0.00117183894621638 -0.459181013344477 0.0050021821427793 0.00116969544415407 0.999986804906134 25.2255532823884
0.999982931629579 -2.10517595204974e-05 -0.00584260270220792 -0.11435936106417 1.78662241143433e-05 0.999999851176852 -0.000545277059364693 -0.478965389941658 0.00584261331173492 0.000545163367124573 0.999982783185087 26.4644965751374
0.999977727138291 -0.00131923657296701 -0.00654254095908896 -0.125238555156294 0.001327459374755 0.999998334373935 0.00125263760287913 -0.502114008685879 0.00654087753632382 -0.00126129466038589 0.999977812782281 27.6398173305865
0.999971111284243 -0.00160038568815515 -0.00743070404506855 -0.140911983561758 0.0016105283920166 0.999997779399245 0.00135918905139047 -0.52366998156268 0.00742851231773619 -0.00137111714600156 0.999971468214227 28.8726653012058
0.999963894297158 -0.00225058814241116 -0.00819420252835326 -0.154253307795054 0.0022547572167273 0.999997333240888 0.000499580829783107 -0.542888901377678 0.00819305632569732 -0.000518038729352251 0.999966302164187 30.0402533199336
0.999954260441843 -0.00289236076799021 -0.00911653845457256 -0.172797891517122 0.00288758820258232 0.999995686924395 -0.000536625548186293 -0.564057714863571 0.00911805124893563 0.000510276194281011 0.999958299510348 31.2665657854744
0.99994977620326 -0.00223951356079821 -0.00976881006373443 -0.190692627751895 0.00223428239236291 0.999997354723387 -0.000546377543668245 -0.584896873571068 0.00977000784244799 0.000524523822193809 0.999952134765219 32.4460262101277
0.999940200544276 -0.00294333956801933 -0.0105324302827355 -0.208878899009295 0.00294370299109728 0.999995667116412 1.9002678737312e-05 -0.607103523060125 0.0105323287156049 -5.00058889142782e-05 0.999944532237282 33.6709311954606
0.999934565819755 -0.00311530888191513 -0.0110072216943693 -0.228749205691378 0.00311883428177713 0.999995090480492 0.000303129732445394 -0.62908205829596 0.0110062233114518 -0.000337439597767363 0.999939372753637 34.8677307733277
0.999926718406895 -0.00365722077590078 -0.0115404745229281 -0.247765278006661 0.00365929642193723 0.999993292152 0.000158747289155327 -0.651434659424833 0.0115398165372951 -0.000200965673030285 0.999933393905356 36.0858719304165
0.999919494163922 -0.00392475265502789 -0.0120665449720697 -0.270876600566125 0.00392596669706209 0.999992290404185 7.69264989800599e-05 -0.668556668888175 0.012066150026404 -0.000124293159656891 0.999927193636992 37.2861520002813
0.999915892992474 -0.00464077401476617 -0.0121107455429788 -0.287980023117992 0.00464960965585531 0.999988944441509 0.000701516075392349 -0.694257470333884 0.0121073560743494 -0.000757767312390758 0.999926416151503 38.4909483173006
0.999917327747221 -0.00443771411806814 -0.0120683206894677 -0.31268198049259 0.00446083785296319 0.999988264672937 0.0018898259330267 -0.708067426085121 0.0120597925565536 -0.00194350451861273 0.999925389313462 39.684066543186
0.999921760112613 -0.00386845815618733 -0.011895742296598 -0.331333969281388 0.00390128843993247 0.999988641946083 0.00273786912335563 -0.732494838156057 0.0118850158519748 -0.00278406363468987 0.999925494918435 40.8821868569187
0.999924437706956 -0.00322490361632835 -0.0118624986024251 -0.358512496900028 0.00325206762585015 0.999992132527389 0.00227132989252617 -0.748716195060115 0.011855080454558 -0.00230973591329787 0.999927058433477 42.1115865435353
0.999929897767004 -0.00209875062255036 -0.0116531024835703 -0.375136906907235 0.00212675020466303 0.999994880286239 0.00239088579337766 -0.772407130167429 0.0116480249499738 -0.00241550142503659 0.999929241930463 43.3100890977229
0.999939636311133 0.000545945182469787 -0.010973863395227 -0.405713771936225 -0.000500488301518388 0.999991285840298 0.00414460552131419 -0.78664928218097 0.0109760304946464 -0.00413886304738425 0.999931195916627 44.5476596667736
0.999955651076691 0.000699644181087106 -0.0093918250521878 -0.418601464943863 -0.000632204858722341 0.999974011484264 0.00718169012741971 -0.804721810725505 0.00939660560030266 -0.00717543406976475 0.999930106031968 45.7065458276658
0.9999713344452 0.00124243389776271 -0.00746904584908514 -0.443519332631021 -0.00116826684327924 0.999950052610053 0.00992609881748093 -0.813912984309339 0.00748100531138297 -0.00991708844173491 0.999922839981351 46.9682161227244
0.999980570751353 0.00172219693577558 -0.00599100638559668 -0.450854815420339 -0.00164232580093354 0.9999100518676 0.0133113087297171 -0.824836135559564 0.00601339220086657 -0.0133012109166294 0.999893452775039 48.1340007638201
0.999989068162023 0.00110462181835619 -0.00454349723098085 -0.464885452868934 -0.00103836123186959 0.999893455457804 0.0145602039341686 -0.830691289540515 0.0045590966650938 -0.0145553269729965 0.999883671781026 49.3408577868443
0.999994989266252 -0.000837274580942626 -0.00305293525398111 -0.475240462679545 0.000876991037518667 0.999914705431795 0.0130312220442356 -0.833321677337875 0.00304176414421061 -0.0130338341451074 0.999910429407739 50.5754821566549
0.999998149078577 0.000281250236996652 -0.00190334908086133 -0.482525133962009 -0.000259690622846377 0.999935915865739 0.0113179822639335 -0.841138657890386 0.00190641029157734 -0.0113174670333294 0.99993413810098 51.751163157426
0.99999917533679 0.000698281211094216 -0.00107783537234002 -0.495665550678375 -0.000686628912645907 0.999941727276359 0.0107736062815079 -0.845196688305291 0.00108529557077934 -0.0107728573239814 0.999941382121273 52.9784544677488
0.999999485093706 0.000235001077013576 -0.000987211637165541 -0.500876960580111 -0.000224756687754172 0.999946262690826 0.010364420634144 -0.857476335472791 0.000989594237080219 -0.0103641934150209 0.999945800630265 54.1870941052499
0.99999816339234 -0.000472817550154671 -0.00185732482652381 -0.510866023254068 0.000490040049952206 0.999956789532769 0.00928326063769552 -0.864716768884591 0.00185285528209809 -0.00928415375153869 0.999955184704005 55.3936107926964
0.999994130671468 -0.000133186879184709 -0.00342357764203198 -0.520637490674646 0.000166385121964856 0.999952954701468 0.00969848956251149 -0.87551355983039 0.00342212486724213 -0.00969900227127351 0.999947107809375 56.6237125219763
0.999988231545382 -0.000251195636062344 -0.00484496351813189 -0.534911856943471 0.000304335144893044 0.999939777339368 0.0109703725831965 -0.884812512453367 0.00484191603181929 -0.0109717179715389 0.999928086041138 57.81035347142
0.999982954001082 -0.000290880478772265 -0.0058315603243993 -0.546195660081562 0.000356582225845162 0.999936442503331 0.0112687090164827 -0.894732459621468 0.00582791183754955 -0.0112705963608416 0.999919501310623 59.0235145916768
0.999977626444692 0.000524699816539616 -0.0066686805398867 -0.566842086304844 -0.000451205052792988 0.999939202432754 0.0110176155381857 -0.903310317065983 0.00667405604118472 -0.0110143600926 0.999917066984912 60.2386865005943
0.999972922658492 0.00112506858677087 -0.00727242535251706 -0.5806532120277 -0.00104579220626676 0.99994009452157 0.0108955810701366 -0.913266393161251 0.0072842479703936 -0.0108876806010128 0.999914195390103 61.4895703803781
0.999971870830913 0.000261945832024632 -0.00749592764807754 -0.59336491712212 -0.000183764643286507 0.999945603678407 0.010428610395563 -0.923650916824586 0.00749825162821348 -0.0104269395609475 0.999917524175825 62.6650266202423
0.99997071981939 -0.0010063481300243 -0.00758595856380727 -0.615755040892452 0.00107715850612536 0.999955837493469 0.00933610155732001 -0.932920536388544 0.00757622818051872 -0.00934399947437434 0.999927642602393 63.885451033953
0.999966460238164 -0.00122888952642482 -0.00809742115050242 -0.624349423508804 0.00131562982983525 0.999941722051811 0.0107154849731431 -0.943593324689469 0.00808378110215808 -0.0107257787871395 0.999909801008322 65.1146230286096
0.999964252384412 -0.00146786857661372 -0.00832702318519333 -0.63925498650475 0.00156942840405986 0.999924308736325 0.0122030198175763 -0.95329805030072 0.00830848047295577 -0.012215652255423 0.999890867541156 66.2925515718426
0.999962615108366 -0.000939849140800098 -0.00859564245591452 -0.661133151095453 0.00103049614793613 0.999943844152944 0.0105473512467275 -0.962573399502626 0.00858524684132447 -0.010555814711584 0.99990742987161 67.5467627300002
0.999961960873995 0.000817109692480546 -0.00868384343390167 -0.67299142276126 -0.000734938849173569 0.999954969123632 0.00946147926299148 -0.973387781481146 0.00869118345923259 -0.00945473726268988 0.99991753223622 68.6689484883628
0.999958053968204 0.00290928093806682 -0.00868483670234627 -0.701645736074016 -0.00282457153973516 0.999948477392858 0.00975009514428325 -0.982403094283641 0.00871275500286436 -0.00972515522390561 0.999914750994369 69.9505645629238
0.999951288390344 0.00482944687134636 -0.00860797824160831 -0.714347887662095 -0.00474314712862453 0.999938569938968 0.0100179291137623 -0.996341014701303 0.00865583050939539 -0.00997661221702984 0.99991276809873 71.0789606972513
0.999944479645694 0.00640488673128941 -0.00836749974976816 -0.742134900811431 -0.00631794820866374 0.999926213899908 0.010375465590863 -1.00392983446932 0.00843333602648797 -0.0103220241112822 0.999911163384883 72.3403185029249
0.999949524506123 0.00684732864925364 -0.00735272264861771 -0.752004307091266 -0.0067631647761766 0.999912019081671 0.0114111216900593 -1.01728117669661 0.00743021144979533 -0.0113608180332301 0.999907857640606 73.4899330133738
0.999949257161012 0.00859708393167911 -0.00525102380603637 -0.773560738646426 -0.00853239856089634 0.999888938008065 0.0122192399069075 -1.02558384682439 0.00535549044793378 -0.0121738160400184 0.999911554551244 74.6958937225864
0.999971124036933 0.00709543226496413 -0.00272138444302079 -0.7793804368471 -0.00706770902169683 0.999924368918027 0.0100649854977186 -1.03815123707201 0.00279259404461781 -0.0100454609081896 0.999945643589512 75.8731847143332
0.999990530772933 0.00434661429181634 -0.000212858325096774 -0.783109511297621 -0.00434549095490925 0.999977955170928 0.00502054583989157 -1.04865077412943 0.000234676008971773 -0.00501957332527663 0.999987374325698 77.0254119244895
0.999983757936856 0.00524392012787476 0.00223274812187688 -0.786120471598364 -0.00525402164937929 0.999975879342313 0.00454268533745663 -1.06345310158458 -0.00220887278744804 -0.00455434246184448 0.999987189340818 78.2457073830524
0.999978168867381 0.00425012300658189 0.00505947063123289 -0.786748945788722 -0.00429132354186462 0.999957494983975 0.00816043918132442 -1.0800882390838 -0.00502457270804427 -0.00818197285512361 0.999953903432203 79.41953972514
0.999954307257948 0.00462395241286568 0.00836674729875348 -0.784670504552913 -0.00470255394779496 0.999944767500624 0.00939935819565599 -1.09213721292107 -0.00832282299738033 -0.00943827379374646 0.99992082166797 80.6072686193645
0.999909605218891 0.00495201316723245 0.0125003582585954 -0.776709898000744 -0.00504629902870338 0.999958973236783 0.0075224137981661 -1.10355336936677 -0.0124625943171791 -0.0075848143569562 0.999893571503516 81.7845976098318
0.999866530135759 0.00403350586496766 0.0158320164449759 -0.766054805931831 -0.00410657665216702 0.99998105402683 0.00458558781298137 -1.11999817695007 -0.0158132204966791 -0.00464999116428817 0.999864150592317 82.9426653119949
0.999811621607777 0.00264894916776925 0.0192276978947941 -0.748951384036688 -0.00267265940068212 0.999995699363991 0.00120753685257704 -1.13791372082567 -0.0192244164997235 -0.0012586984662582 0.99981440152081 84.1087257259321
0.999741114971435 0.00228246518782301 0.0226383168177019 -0.728536085248148 -0.00228896164145255 0.999997346247921 0.00026105884434495 -1.15898035650771 -0.0226376608834974 -0.000312809498941344 0.999743686381635 85.290055630677
0.999654996888188 0.00177691862595742 0.0262055291241075 -0.704185754077551 -0.00183154853916793 0.999996199226205 0.00206081612300384 -1.18074708259775 -0.0262017676202654 -0.00210810183361391 0.999654451938385 86.4464464650789
0.999541893027708 0.00301215198409432 0.0301152954993192 -0.680460626791866 -0.00309039849320902 0.999991968272064 0.00255202439586788 -1.20162085514555 -0.0301073665361116 -0.00264392355953232 0.999543173729115 87.6246802775244
0.999429625475752 0.00261616178481066 0.033668671178323 -0.64792636124655 -0.00262987293713077 0.999996476008212 0.000362959353598425 -1.22270083588561 -0.033667602969812 -0.000451296657990822 0.999432983667036 88.788645322341
0.999310039648278 0.00245761877147071 0.0370594760909003 -0.61418721819999 -0.00238898160534101 0.999995348490311 -0.00189625014958351 -1.24358101812796 -0.0370639639683513 0.00180640740547862 0.999311262553984 89.9296983623989
0.999188291099881 0.00248119144916281 0.0402069971260289 -0.573561032097551 -0.00239429211700414 0.999994693148032 -0.00220930781737734 -1.26754788374234 -0.0402122654691122 0.00211124720629162 0.999188929252659 91.0940463047562
0.999070667814858 0.00103135135343821 0.043089871505492 -0.529127081948007 -0.000987676571985432 0.999998976788455 -0.00103485121285024 -1.28854607767893 -0.043090894710637 0.000991330635735467 0.999070664195785 92.2476914392667
0.998950418603237 0.000410838395479312 0.0458027552034817 -0.479556561514134 -0.000432657214566276 0.999999797615047 0.000466452141928477 -1.31137527399572 -0.0458025542972436 -0.000485779454923628 0.998950394182899 93.4398168613871
0.998821366795417 -0.000324675197311444 0.048536293832042 -0.433618081844315 0.000216569861091955 0.99999748440247 0.00223255150613136 -1.32862855991182 -0.0485368965883619 -0.00221940864838216 0.998818924477716 94.5758415481848
0.998696543079242 -0.00184893684227434 0.0510078060116699 -0.376764630118098 0.00168920536232088 0.999993534730046 0.0031744422110746 -1.3482641174883 -0.051013345575592 -0.0030841418029699 0.998693209470518 95.7456723104169
0.998575674808066 -0.00302207739358591 0.0532680835946085 -0.325364570004242 0.00297634742149096 0.999995130936401 0.000937795029392541 -1.3662433346877 -0.0532706583180798 -0.000777914981052729 0.998579807431855 96.8949908243646
0.998451299134295 -0.00437213086958006 0.055460686334532 -0.254403061260586 0.00452382543492044 0.999986361558685 -0.00260992338158607 -1.38892312232527 -0.0554485190106322 0.00285677585446388 0.998457460571679 98.0922861639853
0.998333877388709 -0.00381535912886663 0.0575752750123116 -0.202345489536201 0.0041323842195511 0.999976945000888 -0.00538821560005974 -1.41016849042094 -0.0575533896368193 0.00561716133011116 0.998326627331909 99.2402655843933
0.998236441902306 -0.00354999376332333 0.0592570974863359 -0.128066028430425 0.00393590091968691 0.999971793307276 -0.00639697379871839 -1.43452576893088 -0.0592327168225058 0.00661892242826937 0.998222257377441 100.439712209677
0.998219476290936 -0.00364919257085979 0.0595362120648481 -0.0700095098564587 0.00399503178650524 0.999975826439791 -0.00569089246790483 -1.45997380877933 -0.0595140057001257 0.00591860875858717 0.99820992441264 101.613914719235
0.998256477510977 -0.0032984344916374 0.0589332286344587 -0.000963957520966407 0.00353864205770355 0.999985850396042 -0.00397202971945778 -1.48494511940729 -0.0589192932727851 0.00417364799775699 0.998254024556188 102.806712661623
0.998346286149124 -0.00413268823181093 0.0573377172568892 0.0607261124945799 0.00427807893927215 0.999987937245176 -0.00241317316573992 -1.50847614376108 -0.0573270527137204 0.00265447774847381 0.998351923309131 104.021238154124
0.998445246455796 -0.00362252844417808 0.0556234403601229 0.11944900559719 0.00372087758295445 0.99999169195191 -0.00166466127783119 -1.53017951242895 -0.0556169479550766 0.00186904115213237 0.998450430309554 105.167380059364
0.998596857215183 -0.00346355960355291 0.0528424120837805 0.178367428050224 0.00352577461314848 0.999993196695602 -0.00108419365765665 -1.55102253441993 -0.0528382974114109 0.00126898281417109 0.998602275187314 106.420733911761
0.998741488441172 -0.0027900242070275 0.0500764918024032 0.228730465270003 0.00285608894912464 0.99999514290296 -0.00124776856986091 -1.57210879631037 -0.0500727672715084 0.00138922115354077 0.99874460601415 107.590132023868
0.998937541565796 -0.00150376553000843 0.0460600340828606 0.28008432454844 0.00158030086315874 0.999997430562897 -0.00162527437270103 -1.59114888206375 -0.0460574717029215 0.00169633629785412 0.998937351260578 108.848208680767
0.999098554677503 -0.00119030588104388 0.0424341986283998 0.31985724828479 0.00124590701779347 0.999998399697602 -0.00128386834926649 -1.61465040724868 -0.0424326025248033 0.00133558007801391 0.99909843882814 110.008859208996
0.999270990047047 -0.000665676005535646 0.0381712630895373 0.365408664712859 0.000677280898316819 0.999999728278133 -0.000291091471561181 -1.63287951761532 -0.0381710589449624 0.000316731930336362 0.999271169372911 111.273011628347
0.999416755738065 -0.000338646952097286 0.0341472351478457 0.392978025605125 0.000319012065778864 0.999999780652633 0.000580453260948974 -1.65586407538403 -0.0341474242264672 -0.000569221334890053 0.999416644551095 112.440973369461
0.999563101065759 -0.000380167253399463 0.0295543983302442 0.425302949091473 0.000346341574569877 0.999999279195112 0.00114963331983025 -1.67384448070092 -0.0295548140802311 -0.00113889512940489 0.999562512243515 113.706254061586
0.999689768849142 0.000284767928385314 0.0249055207850782 0.446955408635134 -0.000316524523060539 0.999999141995069 0.00127114961833746 -1.69687470804712 -0.0249051374333751 -0.00127863847621653 0.999689001246424 114.862613616064
0.999803333281474 0.0010544698572257 0.0198036070596855 0.465568200979082 -0.00107768784289411 0.999998744431409 0.00116177644944401 -1.71262422024254 -0.0198023571366517 -0.00118289007325571 0.999803214349157 116.131951276339
0.99988607526073 0.00161173238026839 0.0150079585030402 0.476986514684296 -0.00162454060473787 0.999998326559244 0.000841276729326218 -1.73616180440671 -0.0150065774751654 -0.000865561925076585 0.999887020335316 117.313608158952
0.999943238850468 0.00259758237942722 0.010333036485868 0.479078759879206 -0.00260010189089607 0.999996593186201 0.000230404313327451 -1.75374257539397 -0.0103324027889523 -0.000257258183019373 0.999946586208901 118.593132558063
0.999965481380052 0.00465251038122904 0.00688405371223339 0.477602251669595 -0.00465431026921862 0.999989138513632 0.000245460141799588 -1.77505317314712 -0.00688283693531994 -0.000277492190740941 0.999976274495453 119.795454890593
0.999966017333771 0.0066514872678288 0.00487051278231418 0.472243493330805 -0.00665310952319809 0.999977817592029 0.000316950399713778 -1.79512722101913 -0.00486829655106438 -0.000349343683869006 0.999988088752902 121.047926408357
0.999962406465715 0.00780569790118376 0.00377580926058297 0.468616218046929 -0.0078060502763521 0.999969529236638 7.8596057900231e-05 -1.81780623130873 -0.0037750807117083 -0.00010806726011866 0.999992868518115 122.25218547947
0.999947955452908 0.00981086349094464 0.00279881101748678 0.459206731112011 -0.00981138678513301 0.999951852168948 0.000173301020184224 -1.8345383917395 -0.0027969760281549 -0.000200752218242172 0.999996068304093 123.501205861459
0.99993597616376 0.0111789064678646 0.00175374559503437 0.452812959418499 -0.011180954696525 0.999936815435965 0.00116249208850414 -1.85739939585135 -0.0017406393950565 -0.00118202621134835 0.999997786491816 124.734239756937
0.999940938117547 0.0107962826864136 0.00124922246053163 0.446512343350438 -0.0107980182097948 0.999940732232114 0.00139098017379363 -1.87348168477433 -0.00123413100673733 -0.00140438714676301 0.999998252307173 125.998872034369
0.999890564392157 0.0147918723989888 0.000244439082913325 0.433406198161198 -0.0147926572753852 0.999884094360785 0.00360210147630729 -1.89467095311976 -0.000191128925639425 -0.00360532318172096 0.999993482536006 127.241564750281
0.99987762940025 0.0156419187653644 -0.000237912325291195 0.425011171105859 -0.0156399833307409 0.999855416260546 0.00667364187412626 -1.90595266376592 0.00034226649110176 -0.00666910427176587 0.999977702702346 128.51266228993
0.999894092978256 0.014526102614049 -0.000891723071810862 0.416785929006773 -0.0145201837520424 0.999874606713862 0.00631942343937188 -1.921324161563 0.000983407849066505 -0.00630580618519765 0.999979634651305 129.78266433958
0.99989557920641 0.0143826346009836 -0.00140374691881411 0.405977048125554 -0.0143758289121229 0.999885410628413 0.00474353829332186 -1.93055880036128 0.00147181064232544 -0.00472286294374805 0.999987764094665 131.007372988079
0.999929976778169 0.0116358803507509 -0.00215588238846455 0.399574770597932 -0.0116231046937966 0.99991535660306 0.00584662865691208 -1.94692835616659 0.00222373057876289 -0.00582116121042804 0.999980584363754 132.275254192615
0.999951681629515 0.0093443435687379 -0.0030524825265999 0.388434747556558 -0.00932068304547552 0.999927102192005 0.00767562176407767 -1.95738631480948 0.00312398365418199 -0.00764679966840928 0.999965883008495 133.522787109901
0.999975291356811 0.0061654682315342 -0.00337693312755448 0.388328953652284 -0.00613290191523468 0.999935392791673 0.00957067169333983 -1.97228537092527 0.00343572262561213 -0.00954972481538228 0.999948497956765 134.832877753285
0.999984554604522 0.00422525608824788 -0.00361078431707229 0.371577119216881 -0.00418656651388963 0.999934456704721 0.0106562167516922 -1.97950681373656 0.00365557289907739 -0.0106409353734994 0.999936701637237 136.068055686435
0.999993738007186 9.84209493028081e-05 -0.00353754996165786 0.37367535011271 -6.74128768664981e-05 0.99996158911298 0.00876445971798126 -1.99055642226698 0.00353827668767152 -0.00876416635857752 0.999955333995534 137.361383193003
0.999990570051618 -0.00252501004474443 -0.003533289135326 0.360330116320606 0.00255260855992202 0.999966099502393 0.00782841206825213 -1.99832358093102 0.00351340253595939 -0.00783735735082193 0.999963115235945 138.617747926316
0.999987447736091 -0.00370153326567195 -0.00337683605487927 0.35909047387543 0.00372694940038437 0.99996454075958 0.00755162708628166 -2.01370667154074 0.00334876371596792 -0.00756411759337546 0.999965784367949 139.929121060183
0.999988228075426 -0.00386986439931741 -0.00292709072294893 0.349912943783707 0.00389301043716339 0.999960871091543 0.0079435984024263 -2.02504792147898 0.00289623554042396 -0.00795490008572002 0.999964165050088 141.190397232468
0.99999088819512 -0.00349744197876298 -0.00244773902606948 0.337385339891959 0.00352152788863819 0.999944734251085 0.0099059217066086 -2.03434452059425 0.00241295836352402 -0.00991445122702727 0.999947939289243 142.477843686049
0.999998482649592 -0.000900178113889923 -0.00149143483830865 0.327335300290414 0.000917230768852479 0.999933764942416 0.0114727684453774 -2.04790409690211 0.001481008517976 -0.011474119027091 0.999933073363574 143.738513044951
0.99999887889889 -0.00113855688984376 -0.000972568337452427 0.314087980138597 0.00114799641801603 0.9999517014024 0.00976099209455137 -2.05641506133941 0.000961407918964696 -0.00976209765645997 0.999951887414669 145.053502363985
0.999999699413355 -0.000604424756488156 -0.000485637635826569 0.308855406453114 0.000608240829378316 0.99996863702682 0.00789651858837034 -2.06860152549408 0.000480849553461542 -0.0078968115994207 0.999968704085418 146.312508192336
0.999999785555971 -0.000654685475276478 1.65813421430182e-05 0.297697015724765 0.000654584728362821 0.999984756594341 0.0054825265880872 -2.08325079442133 -2.01704199119314e-05 -0.00548251455849876 0.999984970700695 147.623667451979
0.999998234155103 -0.00183882046888336 0.000387847855303833 0.298235317634483 0.00183825390678055 0.999997250268934 0.00145611714643748 -2.10456645011652 -0.000390524326840498 -0.0014554016123252 0.999998864647804 148.842760720908
0.99999805985655 -0.00177321617018272 0.000857897167614799 0.28812184980502 0.00177498324955026 0.999996295855183 -0.00206342200642177 -2.12443756125218 -0.000854235096571755 0.00206494075618943 0.999997503147919 150.144741084487
0.999997146601693 -0.00212435964682613 0.00109265024722992 0.287105134917755 0.00212756803062776 0.999993404316688 -0.0029435993944381 -2.15220749177041 -0.00108638977668495 0.00294591568291123 0.999995070656872 151.398145062111
0.999997111062478 -0.00219754192152677 0.000974000103109838 0.278867857031835 0.00220008081740276 0.999994165115497 -0.00261330812506235 -2.17860862133614 -0.00096825156577304 0.00261544345432145 0.999996110964659 152.666226348692
0.99999806562435 -0.00178910931679329 0.00081721197431916 0.275388343923474 0.00179085193132577 0.99999611376145 -0.00213665892397234 -2.20626390082709 -0.000813386082050794 0.00213811829651385 0.999997383423193 153.953607808217
0.999999317475617 -0.0009436562349337 0.000688884032203635 0.267279630881168 0.000944405035177646 0.999998962763407 -0.00108746091394121 -2.23112687933437 -0.000687857128396222 0.00108811075727129 0.999999171433432 155.194465807584
0.999999790295538 -0.00051515372252496 0.000392460853555739 0.26029444943515 0.000515368121262488 0.999999717927786 -0.000546388184046404 -2.25656502639516 -0.000392179268946482 0.00054659033127913 0.99999977371719 156.483786357796
0.999999889590026 -0.000446412423638171 -0.000146751091819106 0.253516163095111 0.000446278197401121 0.999999483253151 -0.000913416225654181 -2.27969425104958 0.000147158776337026 0.000913350632991196 0.999999572067366 157.737769391063
0.999999690812048 -5.20243650093447e-05 -0.000784645954795614 0.244342662153083 5.15832815313741e-05 0.999999840661529 -0.000562153076455918 -2.30796240380509 0.000784675075428168 0.000562112428031771 0.999999534157214 159.05784331238
0.999998796184338 -0.000581989565124845 -0.00143837339391426 0.236808775293939 0.000582888919867582 0.999999634858875 0.000624918094323274 -2.33099445845533 0.00143800917289503 -0.000625755753951029 0.999998770278921 160.321796328142
0.999997977957494 0.000196920795589986 -0.00200132534184013 0.223106380767379 -0.000195151548777501 0.99999959005797 0.00088419441562347 -2.35172734597886 0.00200149863768054 -0.00088380206600471 0.999997606445691 161.583982801711
0.999996244242493 0.000754512325118136 -0.00263480778404838 0.215390464569596 -0.000754427834051968 0.999999714872766 3.30610007625047e-05 -2.37752452614316 0.00263483197772548 -3.107310426374e-05 0.999996528341429 162.870178602554
0.999993478307255 0.00100519980129532 -0.00346884942277449 0.197898610551866 -0.0010097518744159 0.999998631140624 -0.00131077001394881 -2.39757601527996 0.00346752708864987 0.00131426414271623 0.99999312445919 164.112489620216
0.999989932839461 0.00193895768275843 -0.00404656185360175 0.189551361312748 -0.00194395943272068 0.999997351000968 -0.0012324823610779 -2.42228741291766 0.00404416140312044 0.0012403363055655 0.999991053122174 165.368633174555
0.999987892376305 0.00126562980223483 -0.00475534246927301 0.170481197504489 -0.00127582279696833 0.999996894062072 -0.0021410610454585 -2.44873459389443 0.00475261790880694 0.00214710209662675 0.999986401195336 166.686569087335
0.999983294233946 0.00196153816423662 -0.00543724388414902 0.16201423931034 -0.00197844139675534 0.999993221872823 -0.0031051534664367 -2.47531291461678 0.00543111615278825 0.00311585886085398 0.999980397008308 167.968325490117
0.999979402801197 0.00199702787256275 -0.00609966007555781 0.139837179648199 -0.00201437271175754 0.999993941864945 -0.00283875606339564 -2.5003186947665 0.00609395404801127 0.00285098458177985 0.999977367549374 169.227666425404
0.999974228419063 0.00245958829854605 -0.00674484418653754 0.130342544912678 -0.0024694779801998 0.999995887479323 -0.00145832196234796 -2.52644459909154 0.00674122957659226 0.00147494062328401 0.999976189903516 170.499228596475
0.999969113269752 0.00221511520414847 -0.00754093967206321 0.107369304055677 -0.00222358818412378 0.99999690576582 -0.00111539875106335 -2.5498774748062 0.00753844560189775 0.001132132244395 0.999970944635137 171.777721863858
0.999962344898912 0.00276440032422857 -0.00822598778969519 0.0966416733510942 -0.00277072231041943 0.999995874833211 -0.000757241334880739 -2.57410487107215 0.00822386053793189 0.000780004748775873 0.99996587927311 173.008117736272
0.999954521912644 0.00315733705988538 -0.00899918491565456 0.0737064516387305 -0.00316145008690618 0.999994904543202 -0.00044285548408112 -2.59798204122642 0.00899774081666455 0.000471285817794409 0.9999594084511 174.343843794744
0.999949408223126 0.00336505050825702 -0.00947931586647665 0.0584866041237122 -0.00337716451171375 0.999993500754496 -0.00126222368377778 -2.623437033594 0.009475006811627 0.00129417303477839 0.999954273635588 175.547292519727
0.999939309205159 0.00446779138499601 -0.010070588187907 0.0326429705986429 -0.00448584880489651 0.999988369919407 -0.00177121044094499 -2.64708267841559 0.0100625576674057 0.00181627808076283 0.99994772166705 176.898980656231
0.999936508513408 0.00455761542730597 -0.010305682104179 0.0148834026506543 -0.0045722396267183 0.99998857294083 -0.00139592713195606 -2.67286924383386 0.0102992022415078 0.00144295855056437 0.999945920689619 178.091836169257
0.999933835518886 0.00443212545301062 -0.0106151235724751 -0.00949080971150088 -0.00445915852375773 0.999986871711194 -0.00252434358179584 -2.69833693135647 0.0106037960066262 0.00257151107867154 0.999940471648699 179.426986230221
0.999938549520027 0.00300838696271068 -0.0106699012023092 -0.0258249593007936 -0.00305216135874127 0.999986983347177 -0.00408869750071842 -2.72467461669227 0.0106574619316539 0.00412101250844581 0.999934715749524 180.611910194738
0.999941810808036 2.30762438408774e-05 -0.0107876997285206 -0.0468674366887247 -6.59122328123444e-05 0.999992115444848 -0.00397047902849722 -2.75209103777492 0.0107875230485649 0.00397095903090686 0.999933928232687 181.941414028042
0.999936390660328 0.000202939388669822 -0.0112771205899708 -0.0637257979536263 -0.000205529949233002 0.999999952758926 -0.000228559808803837 -2.777524349188 0.0112770736734396 0.000230863056287674 0.999936385132381 183.170038971423
0.999936113043388 -0.000672693591068446 -0.0112834974637361 -0.086360611054013 0.000718903630425944 0.999991370101248 0.00409180896423475 -2.8015377799382 0.0112806475546293 -0.00409965929830357 0.999927967297838 184.446278468472
0.999935009496541 0.000485995002846729 -0.011390372777441 -0.104819087996023 -0.000446934629523951 0.999994012376397 0.00343153912851969 -2.82070593462642 0.0113919722870446 -0.00342622535902666 0.999929239470074 185.700189204016
0.999934207124727 0.00204322976605537 -0.0112874547160524 -0.129170715930651 -0.00203966546681443 0.999997866324685 0.00032727795598018 -2.84020362732399 0.0112880993363504 -0.000304233791829879 0.999936241094987 186.962763688794
0.999931977265801 0.00238288191572817 -0.0114176492799862 -0.154196476480961 -0.00240152741811476 0.999995804755706 -0.00161961015298687 -2.8620350666195 0.0114137420404141 0.00164691978047223 0.999933504863134 188.205806682897
0.999929762896714 0.00205840222520297 -0.0116718573329194 -0.172689130398088 -0.00207307971128794 0.99999707546677 -0.00124555145099949 -2.88931706519495 0.0116692593523064 0.0012696606577035 0.999931105800786 189.477877955921
0.9999322520066 0.00202438719060288 -0.0114626896281891 -0.197870728321987 -0.00202611118088152 0.999997937803364 -0.000138789415729263 -2.91207741865165 0.0114623850263538 0.00016200469664349 0.999934291583195 190.686855562374
0.999932044043208 0.00205827311364972 -0.011474790079189 -0.214983898584416 -0.00203440593780025 0.99999574392191 0.00209125095228474 -2.94063773434418 0.0114790456071953 -0.00206776445825327 0.999931975617388 191.966874861715
0.999942062729089 0.00153877814090674 -0.0106537949542818 -0.239507691120021 -0.00150866469967496 0.999994846157206 0.00283400597215613 -2.95855831721706 0.0106581009527386 -0.00281776877321926 0.999939230685156 193.21220523479
0.999955081496631 0.00138781595243399 -0.0093759775995689 -0.255005588450212 -0.00136593124644996 0.999996329014837 0.00234012578278455 -2.98535380802203 0.00937919084438629 -0.00232721372706743 0.999953306337538 194.474053660251
0.999968673707598 0.000432843450519553 -0.00790343279945011 -0.274257146074404 -0.000426326988407319 0.999999567838767 0.000826176480987741 -3.00393954289672 0.00790378698897161 -0.000822781153238252 0.999968426092748 195.708138203653
0.999977626315946 0.000113136305510569 -0.00668835313835516 -0.287277953841566 -0.000117796739837226 0.999999750569427 -0.000696408652910412 -3.02936077712581 0.00668827268097329 0.000697180937877818 0.999977390218041 196.928919538173
0.999986082328408 -0.000480319922762572 -0.00525399298184942 -0.303625145546115 0.00047406775485163 0.999999178192844 -0.00119116472396077 -3.05407668424272 0.0052545608042286 0.00118865739706442 0.999985488236878 198.186205781657
0.999991485235181 -0.000467901668460234 -0.0041000640440193 -0.311417158755196 0.000466070939375327 0.999999791280302 -0.000447456402961794 -3.0809708511453 0.00410027255385268 0.000445541672275261 0.99999149459263 199.430993596023
0.999996093958727 -0.000729316447116576 -0.0026981780535612 -0.325832065084816 0.000733325496436776 0.999998628288254 0.00148514488404244 -3.10453561695044 0.00269709121184839 -0.00148711772576583 0.999995257078685 200.623564206952
0.999998626273392 0.000104334514947176 -0.00165425682335357 -0.331226968097178 -0.000101273892217476 0.999998283388123 0.00185012551090391 -3.12979004957947 0.00165444701558443 -0.00184995543631004 0.999996920230236 201.857515568972
0.999999913226615 -3.33622702252177e-05 -0.000415251395101626 -0.343314096222883 3.41394756762246e-05 0.999998247627886 0.0018717840828225 -3.14918134916016 0.000415188220460287 -0.00187179809686636 0.999998161993624 203.051709309336
0.999999754055386 0.000323137192976733 0.000622472105811533 -0.346495715002151 -0.000324362408911717 0.999998008494109 0.00196921223935352 -3.17304332920358 -0.000621834540439267 -0.0019694136615881 0.999997867363543 204.254933796192
0.999998572713581 0.000126150694261361 0.00168483138696577 -0.355733398225665 -0.000129878373614208 0.999997543834455 0.00221256788960391 -3.19404832714424 -0.00168454813176559 -0.00221278355479617 0.999996132935789 205.477612888541
0.999996827124368 0.000510824582938897 0.00246673862471265 -0.356089812999848 -0.000516116482744831 0.999997565990993 0.00214514238806904 -3.21890927210346 -0.00246563682918289 -0.00214640870626187 0.999994656768071 206.657211227195
0.999994694293321 0.000215352401460457 0.00325038590800493 -0.362326470788135 -0.000222533940531487 0.999997534861054 0.00220924205557339 -3.237310033443 -0.00324990212976997 -0.00220995365516742 0.999992277090673 207.864675102753
0.999992488875769 -0.000623174927396849 0.00382542089910901 -0.36025442140455 0.000614524427126513 0.99999725267557 0.00226207891998604 -3.26292852772092 -0.00382682006030344 -0.00225971111464371 0.99999012452819 208.997845143513
0.999991589458298 -0.000968493932745981 0.00398535220126311 -0.366337345945906 0.000956303778618403 0.999994862430279 0.00305950913232162 -3.28205315340382 -0.00398829484227015 -0.00305567219282329 0.999987378106194 210.177833895729
