0.999999999965449 9.71424566444864e-07 -8.25582993187888e-06 0.000244755785696026 -9.71416017232745e-07 0.999999999998992 1.03554031190062e-06 -8.62892415893846e-06 8.25583093781985e-06 -1.03553229201941e-06 0.999999999965384 0.000627936674083034
0.99962008064692 -0.00284616157435346 0.0274152098612725 0.0375597246761323 0.00286032450101973 0.999995795304519 -0.000477406568878452 -0.00861935829630258 -0.0274137358124318 0.000555641589350443 0.999624018494569 1.17983635810909
0.998602210635741 -0.00691819390057761 0.0524000334595879 0.104548860145355 0.00698990369395295 0.999974867760359 -0.00118536661030227 -0.0186784036952267 -0.0523905159333364 0.00154998090490408 0.998625471034779 2.3773139934415
0.997104902742713 -0.0112319122841659 0.0752041027663079 0.203135930394586 0.0113800793213514 0.999934055911696 -0.00154195415814424 -0.0298763562161796 -0.0751818244064637 0.00239331870566178 0.997166969621682 3.59744223876764
0.995299147780507 -0.0170121588103288 0.0953425030089331 0.322826346216901 0.0172060516982092 0.999851230537884 -0.00121184852123088 -0.0421728079004994 -0.0953077027965464 0.00284661983622853 0.995443789745636 4.7437197476009
0.993396688272573 -0.0215597509901868 0.112686276299849 0.477694197098494 0.0217237890825872 0.999763984680467 -0.000227867789666648 -0.0524906909734427 -0.112654767839537 0.00267433600645889 0.993630590918951 6.07712971091159
0.991427144303239 -0.0246875354084791 0.128307221675862 0.628503685707645 0.0248698557501025 0.999690680881962 0.000181198033429223 -0.0624795941149292 -0.128272007132081 0.00301133744593901 0.9917344523778 7.14052341794332
0.989423663044713 -0.0272355426994941 0.142474700284107 0.827433454435319 0.0273369981828412 0.999625498348467 0.00124562511593651 -0.0741289845811077 -0.142455268549581 0.00266237965777708 0.989797660230122 8.55871446518432
0.987426277344537 -0.0276452355065137 0.155644106098814 1.02325401281835 0.0275623773319991 0.999616463756957 0.00269086265805873 -0.0849053332168823 -0.155658800475007 0.00163289308450485 0.987809531992305 9.8017283890293
0.985443634022778 -0.0275638565186133 0.167753026732164 1.23486098359584 0.027466869750251 0.999618511127985 0.00289884052548538 -0.0955148110213263 -0.167768934043534 0.00175100659357591 0.985824791099212 11.0350144314206
0.983487672116496 -0.0273162608329227 0.178901706780519 1.43981841955994 0.0276958274315413 0.999616326262994 0.000376047016385925 -0.102273102294395 -0.178843339092507 0.00458499319344971 0.983866880172139 12.0824876413382
0.981600527216237 -0.0272510308470916 0.188991497921403 1.70503096478158 0.0282759784183177 0.999596430459645 -0.0027285997917837 -0.113619886209391 -0.18884086955236 0.00802231451064813 0.981974932702765 13.5313257738192
0.979734181171995 -0.0279642833836849 0.198340447458599 1.95678245742808 0.0295347924926185 0.999551428152252 -0.00496371949362147 -0.122575363589687 -0.198112670659042 0.0107210696122335 0.980120619306987 14.7324917123134
0.978211090722812 -0.0274986712030667 0.205783587948485 2.21908474324428 0.0293580664094997 0.999551028084912 -0.00598716887113253 -0.129520296226901 -0.205526557708685 0.011898123232749 0.978579209231402 15.9688491875566
0.977005902788368 -0.0270821679291717 0.211485276312426 2.51434041505232 0.0291016252356843 0.99955570126713 -0.00644169799181889 -0.145191468628774 -0.211216858525376 0.0124481422160964 0.977359955405397 17.3441524241106
0.975883619826501 -0.0278601766095533 0.21650628423584 2.8062354963839 0.0302667137274909 0.999511370375896 -0.00780682582342993 -0.159929043019038 -0.216182993305357 0.0141714871690927 0.976250010170014 18.6446140599128
0.974892147720981 -0.0264873059840204 0.221096637092657 3.11516864316709 0.0293337710037241 0.999523569332583 -0.00960022017220509 -0.170893671395881 -0.220737015905068 0.0158447773844448 0.975204651772623 20.0488864880002
0.973955022439559 -0.0267121592573069 0.225162329914597 3.42815192759098 0.0297910347171029 0.999503212816128 -0.0102869733509059 -0.190267940464666 -0.22477568488438 0.0167268681482863 0.974266956930547 21.3783400645025
0.973278860766847 -0.0266062521764436 0.228079737218177 3.75733498887127 0.0294845255956258 0.999522704490142 -0.00922095218043941 -0.207229126797754 -0.227725540804693 0.0156993806832166 0.973598791860063 22.8044294309849
0.97270587526452 -0.027755187447006 0.230375627607751 4.10172634473265 0.0302071538201776 0.9995182826436 -0.00712253601417006 -0.225116349671882 -0.23006696434727 0.0138871246473337 0.973075711178252 24.2830603033844
0.972213501263154 -0.0278931734452501 0.232428222978174 4.4424457985484 0.0301231574887468 0.999527886428409 -0.0060497632073542 -0.234287245973978 -0.23214974336524 0.0128831334352359 0.972594736531276 25.7104808771414
0.971643609529616 -0.0304327788767846 0.234483564520194 4.8072984608015 0.0328496360319368 0.999439766948367 -0.00640731260067039 -0.253214088469978 -0.234157206749715 0.0139283240926595 0.972098968374692 27.2197021246918
0.971404842426602 -0.0302453682376778 0.235494904000736 5.16124680651414 0.032636316667067 0.999447683381887 -0.00626091183345976 -0.265102159577242 -0.235175472667868 0.0137675663334774 0.971855416804731 28.6799223303113
0.971198857064949 -0.0316852873338344 0.236154234775304 5.5231828757555 0.0344273618998905 0.999379090961942 -0.00749595228755478 -0.275426628690987 -0.235770093074485 0.0154102275990877 0.971686671770789 30.1687855386468
0.971185366369008 -0.0314586193581561 0.236240003849421 5.89540385103322 0.0342396506877115 0.999384159278134 -0.00767779295900453 -0.295182389369921 -0.235852984868708 0.015545335378064 0.971664403009858 31.7022645084513
0.971354494796281 -0.0309501684051324 0.235610977067616 6.26616341401456 0.0340580541290594 0.999378137395455 -0.00913167262517876 -0.314860762168152 -0.235181832606187 0.016894542659845 0.971804548271055 33.2365701132376
0.971614610248514 -0.0313428374125731 0.234483849538848 6.64221089675987 0.0344104806119239 0.999367245174313 -0.00900156079585032 -0.333953095477876 -0.234053344295023 0.0168147499426542 0.972078338514279 34.7985594015565
0.971965980600822 -0.0305959151266792 0.233122333834068 7.00500615017756 0.0334262806577524 0.999407552860793 -0.00819921009550352 -0.349576955383947 -0.232733358838115 0.0157617658389561 0.972412849782214 36.3168844842018
0.972180713827484 -0.0315075157319554 0.232103287599045 7.39483768177054 0.0344992364620575 0.999365620800758 -0.00884073781141646 -0.373226495667701 -0.231677496415641 0.0166021809987649 0.972650967840296 37.9572887996148
0.97242890001422 -0.0311703348079932 0.231106998260745 7.77640962992221 0.0343154094581352 0.999364939329807 -0.0096005579031783 -0.391925351206304 -0.230660978691358 0.0172663912352685 0.972880971467145 39.5753131073524
0.972591461072969 -0.0320288986612185 0.230304145638973 8.16369167849193 0.0353072968581531 0.999325191643893 -0.0101270002698918 -0.412264136396695 -0.229824377811664 0.017980850826519 0.97306600206103 41.2144479894567
0.972834222256336 -0.0316861644095181 0.229324143935879 8.55750046124599 0.0349278777140538 0.999338901858393 -0.0100897269959966 -0.433857940192235 -0.228852833422055 0.0178254373712015 0.973297813835633 42.885248744591
0.97296584010695 -0.033752746090844 0.228469311103927 8.95524859452126 0.0366121508464054 0.999295186366685 -0.008287394932865 -0.456300219967329 -0.228028560481744 0.0164281050550644 0.973515841149451 44.5770547407355
0.973049437290116 -0.0357709729662456 0.227805245950211 9.35662474503625 0.0381637514505611 0.999252843523629 -0.00610596308227504 -0.478867250697511 -0.227416623544999 0.0146353067268998 0.973687571622644 46.2841547963182
0.973167911191649 -0.0368956866147498 0.22711874633352 9.75578740830589 0.0395323489373613 0.999193280035074 -0.00706983169841607 -0.50055829074386 -0.22667467881168 0.0158586708766968 0.973841410366003 47.9951112406283
0.973273477260825 -0.0385223459067475 0.22639515747132 10.1182900632045 0.0415736422519776 0.999097359370609 -0.00872346081447157 -0.518394853676136 -0.225854755828889 0.0179023843249421 0.973996475304174 49.5481780728116
0.973450572781804 -0.0379255997201085 0.225733540344913 10.5435251881371 0.0408795839326128 0.999128563552068 -0.00842455410558551 -0.550924994913837 -0.225217321643507 0.0174287802284492 0.974152655209374 51.3878921738718
0.973489053141099 -0.0383540500488287 0.225495078126548 10.9366863268227 0.0412733853009758 0.999113874197338 -0.00824463778356834 -0.575908793224128 -0.224979045869261 0.0173330098724079 0.974209420858021 53.1020664662057
0.973540049477189 -0.0385494582538861 0.225241451185798 11.3220914649452 0.0412227783965821 0.999124210405515 -0.00717598235942846 -0.596062612960046 -0.224767556834208 0.0162711846492021 0.97427654900695 54.7619385579896
0.973509168150581 -0.0397635231244705 0.225163855348705 11.7497598201069 0.0424798437249532 0.999071163834492 -0.00722997036624862 -0.621404823281016 -0.224667225922845 0.016603367824721 0.974294085876031 56.5899923831374
0.973494800226192 -0.0407648626856531 0.225046883788217 12.1616080670571 0.0434293814848691 0.999032670815949 -0.00690010624509499 -0.643328461273209 -0.224547907486151 0.0164908645186277 0.974323503068164 58.3682897252029
0.973488241070846 -0.0409176893123733 0.225047522088396 12.5771849378092 0.0438188090760613 0.999008184904093 -0.00790939098699074 -0.666509254612717 -0.224500682555636 0.0175610135232993 0.974315685153476 60.159719837145
0.973395694264669 -0.0401820311938 0.225579756973325 12.9859971155698 0.0432572847144089 0.99902604520624 -0.00870449991185543 -0.690046021488857 -0.225010288000661 0.0182308905081295 0.974185816425768 61.9488188137562
0.973175636585713 -0.0392424183468968 0.226691889926128 13.3741157095379 0.0425082390234245 0.999050560635038 -0.00954080237419036 -0.714299482472516 -0.226102255563981 0.0189211494656929 0.973919791426264 63.6339867744649
0.972915380806417 -0.0382309674225153 0.227978189571379 13.8153951485789 0.0416219626871691 0.999082549544893 -0.0100832245311061 -0.744383256704529 -0.22738353944904 0.019299023934266 0.973614027047069 65.5220929512248
0.972727128559976 -0.0373626633368431 0.22892349104415 14.2438324353866 0.0405733654458861 0.99913297263681 -0.00933300628554041 -0.772589127911376 -0.228376302141571 0.0183666648662483 0.973399676516195 67.3601203529115
0.97248124646475 -0.0372993854069553 0.229976044671245 14.6557185066211 0.0404752410730645 0.999139048040281 -0.0091059069421591 -0.797936173474912 -0.229438401612381 0.0181636595824014 0.973153688446039 69.1437040699226
0.972482519884762 -0.0351376696306349 0.230310860993379 15.103232827471 0.0380867135136337 0.999239382756601 -0.00837007777371834 -0.8268430139995 -0.229841577553569 0.0169115381067502 0.973081111267992 71.0420378492903
0.972098907402411 -0.0347248868966831 0.231986845439674 15.5481890072506 0.0379240838213152 0.999236940241538 -0.00934350699909172 -0.852404327571387 -0.231485373389664 0.0178807015170205 0.972674047366283 72.9187213511191
0.971513950632702 -0.0333697704494879 0.234621188613025 15.9978063206359 0.0367971937409871 0.999270242466146 -0.0102444645754833 -0.879823883628753 -0.234108116601771 0.0185860415849787 0.972032894916305 74.80338310324
0.970549208385786 -0.0337033897753705 0.238533678165942 16.4558131045859 0.0373987526535213 0.999240076891035 -0.0109818957725494 -0.909676367864619 -0.237982283797942 0.0195793322778857 0.971072130351741 76.6942057651129
0.969483704482613 -0.0320519176715541 0.243051478737005 16.9044627946092 0.0356050504586598 0.999313486041068 -0.0102389940074493 -0.9395291276656 -0.242556441111146 0.0185803980050002 0.969959350532521 78.5446533833999
0.968305305163782 -0.0305043338901108 0.247899821713521 17.3931281855157 0.0339154702498815 0.999379550124592 -0.0095002984425583 -0.974479020487686 -0.247456212024277 0.0176068284108443 0.968739089086379 80.4807857929514
0.967171573309198 -0.0290082324703756 0.252463205698484 17.8833212992062 0.0326716430335644 0.99941275737182 -0.0103297697914155 -1.00899861385336 -0.252015300178576 0.0182390474367753 0.967551355548893 82.3955311558001
0.965959391152974 -0.0292815300017553 0.257031217256061 18.3646935433856 0.0334478104030419 0.999370197742415 -0.01185123805889 -1.04363518684486 -0.256522316032384 0.0200449461222181 0.9663304308115 84.2351115295177
0.964742588328685 -0.0282140740054256 0.26167862788712 18.8732937034754 0.0328989101530713 0.999366983477851 -0.0135386131165899 -1.08352399501615 -0.261131001559772 0.0216702183283169 0.965060102616409 86.1745623927456
0.963486144639209 -0.0268435537494582 0.266409220392939 19.396134726256 0.0316763468565281 0.999402087114758 -0.0138591962426041 -1.12533210674386 -0.265877900808056 0.0217920144265289 0.963760369578006 88.0760781682728
0.962175649934103 -0.0251558919766356 0.271265920772858 19.9298305197396 0.0299910017933314 0.999456375502339 -0.0136928185250631 -1.16925444566693 -0.270773998909274 0.0213104332801508 0.96240703808113 90.0165992023579
0.960709593450686 -0.0232445715570509 0.276580489089426 20.4572510242056 0.0280230176209486 0.999518308530407 -0.0133364686453816 -1.20659535692224 -0.27613726212743 0.020563093289736 0.9608982108731 91.8971123473549
0.959170477403455 -0.0226535502058242 0.281919867942471 21.0379531346726 0.0273142911875471 0.999547322388434 -0.0126126842120917 -1.25287080434668 -0.281506527054969 0.0197981557015865 0.959355048069413 93.9233578363441
0.957546158685984 -0.022857996716469 0.287372347263662 21.6086233161342 0.0275091762745201 0.999547621246631 -0.0121572234041956 -1.29479229894689 -0.2869644563468 0.0195464791282735 0.95774178980938 95.8778901063607
0.955882215408489 -0.022909022536513 0.29285553939132 22.1637055498256 0.0281759140671258 0.999508014684272 -0.0137784777238729 -1.33267761712956 -0.292395807309614 0.0214220743236238 0.956057418045293 97.7250710351141
0.954187591559228 -0.0223188176801214 0.298375452227158 22.7928419419272 0.0279205913338745 0.999504618684197 -0.0145243866832182 -1.38125592517883 -0.297903475464733 0.0221898086138294 0.954338059442101 99.7985489721884
0.952347011089121 -0.0227996602890448 0.304163354071987 23.4076133637742 0.0284646006226559 0.999493891456608 -0.0142030789732262 -1.42706243359873 -0.303685589024256 0.0221841482061213 0.952514003354995 101.757016276124
0.950611967959949 -0.0218777915689057 0.309609832866109 24.0037336878374 0.0276530269766731 0.999515630407751 -0.0142763675219968 -1.46667023955978 -0.3091475318846 0.0221329348858946 0.950756507589087 103.602357184047
0.948969811941954 -0.0212964278423596 0.314647037462625 24.652316135051 0.027381003689145 0.999513569701829 -0.0149299905854465 -1.51684099412473 -0.314176028143184 0.0227834620517091 0.949091321842694 105.631907959111
0.947276159900875 -0.0201864417397945 0.319781776299615 25.2594664499533 0.0265536485984465 0.999526236340001 -0.0155629885980658 -1.56335619893619 -0.319316113952242 0.0232338209918039 0.947363398560742 107.434825553626
0.945809458497494 -0.0215656689675299 0.324005231653225 25.9366878373821 0.0277078167134276 0.999512984455202 -0.014355166262698 -1.60651326743053 -0.323537857305219 0.0225547296024031 0.945946372191844 109.465737258204
0.944416267473483 -0.0236898835741034 0.32789739728717 26.5799362779615 0.0298799057407518 0.999457509420573 -0.0138520069213168 -1.64725316558612 -0.32739136360689 0.0228796039972253 0.944611782033525 111.358808793998
0.943189760675872 -0.0247185424809263 0.331333772824035 27.2831432753842 0.0311327647554411 0.999416302307378 -0.0140643393350136 -1.68933147381685 -0.330792724096031 0.0235806772563191 0.943408779557017 113.383844697467
0.942113228437134 -0.0248924274172458 0.334369603673897 27.9537800803233 0.0316021228624107 0.999393291719444 -0.0146408434444255 -1.73902806986912 -0.333802292733814 0.0243601215812284 0.942328294089802 115.297180403571
0.940949731975699 -0.0240604081099863 0.337690240688773 28.6612843975735 0.0307536613327094 0.999422044224987 -0.0144841234385041 -1.7818132754132 -0.337146576742956 0.024014043364867 0.941145850286647 117.300433326031
0.939573402404467 -0.0225974878181041 0.341600900230669 29.3673226919644 0.0295499583691106 0.999448305510652 -0.015161944870978 -1.83155137241099 -0.341069819031935 0.0243400525101607 0.939722799760294 119.286619771913
0.937969355506068 -0.021169263470707 0.346071308281456 30.1036870709225 0.0284800275338754 0.999465453464833 -0.0160528926366797 -1.87505862306126 -0.345546489149 0.0249132417489747 0.938070868443508 121.353549031258
0.936372595819058 -0.0203758323655566 0.350415734884279 30.8389158899586 0.027635235478148 0.999494333611918 -0.0157280271405742 -1.92517014183293 -0.349918069780836 0.0244111149495074 0.936462194596117 123.374988812929
0.934744494143226 -0.0204768909510025 0.35473007710921 31.5648158687771 0.0280349857940737 0.999475992905356 -0.0161795913848013 -1.97405076208628 -0.354212888303703 0.0250686366369176 0.934828750743533 125.304288909493
0.933098271921053 -0.0199718222681304 0.359066485839649 32.3123047627756 0.0278738132848912 0.999469540208353 -0.0168430617365711 -2.02658461661094 -0.358539628870929 0.0257247839834105 0.933159991651005 127.290117723116
0.931413391334451 -0.0193905424736296 0.363446146362064 33.0575349459653 0.0273525912285447 0.99948512184638 -0.0167728042023805 -2.07377126752506 -0.362933782108997 0.0255636083193594 0.931464208509245 129.237857232893
0.929739919327113 -0.0195076747902675 0.367699786556765 33.8251770133544 0.0273201615123157 0.999497825332654 -0.0160532218024116 -2.12370566235174 -0.36720197600851 0.0249709387002892 0.929805980318406 131.202356942847
0.928146064821362 -0.0199614145961131 0.371680540631255 34.5953935720411 0.0278389592141951 0.999486910548063 -0.0158400755351367 -2.17569929733041 -0.371173644951376 0.0250491031857537 0.928225547872444 133.181019013897
0.926530148839059 -0.0208900981490647 0.375640103146074 35.4013027140033 0.0291209268191603 0.999443852473774 -0.0162467650187452 -2.22639428244649 -0.375091795316112 0.0259921055650299 0.926623200408253 135.185934840309
0.925136041324451 -0.0206347441221488 0.379074547256257 36.178508208735 0.0293487354425549 0.999420843259271 -0.0172229436174544 -2.27926754559892 -0.378499612642399 0.0270589244786362 0.925205846196193 137.118974581099
0.923736719675634 -0.0200656784213041 0.382502080088974 36.9831812755363 0.0295279716763335 0.999385580040465 -0.0188828307164 -2.33115602702261 -0.381888166367565 0.0287372746911635 0.923761656181801 139.092478776483
0.92239159181686 -0.0204341469614602 0.385715175982895 37.7955659102656 0.0303906363582143 0.999343292199014 -0.0197330575071126 -2.39287898657736 -0.385058645620769 0.02992373597654 0.922406856792546 141.060250351078
0.920987848352331 -0.0199808533584414 0.389078589344637 38.6549549198228 0.0303078294912117 0.999331972169937 -0.0204216764854483 -2.45023740964603 -0.388410631495684 0.0306002434306188 0.920978179135158 143.103640864698
0.919537773340842 -0.0201261195722942 0.392485952245846 39.4943541470951 0.0305132324131328 0.999329338601211 -0.0202439042323665 -2.51060981357545 -0.391815295830917 0.0305910497013228 0.919535187815617 145.097588855106
0.917903164376196 -0.0197306604742789 0.39631361554382 40.3448810441698 0.0302343878001871 0.999337214217931 -0.0202734820268486 -2.57217903974932 -0.395650935323694 0.0305913928482144 0.917891335649864 147.091594331379
0.916347875220851 -0.0217198159599557 0.399793473149448 41.1576344970529 0.0325631421128107 0.999262509522524 -0.0203489272073105 -2.63366347710428 -0.399056654316118 0.0316652278913824 0.916379342842588 149.011235399773
0.914831071604888 -0.0236905808714331 0.403141249197135 42.0774613867159 0.0345665148353004 0.999207787678164 -0.019721893809931 -2.69473392796747 -0.402354652611839 0.0319773892193113 0.914925231972713 151.093424951741
0.913687797598161 -0.0246918708080612 0.405666020312547 42.949094479063 0.035423447745437 0.99919240054736 -0.0189664450604517 -2.75265715940136 -0.404870087645467 0.0316994984881915 0.913824575028243 153.08504297811
0.912540469735773 -0.0245663422441571 0.408247946624546 43.7922348937519 0.0351304330651987 0.999213374716674 -0.018397947167181 -2.8174860259778 -0.407474838201167 0.0311307985130117 0.912685668572086 154.988617172684
0.911389720605395 -0.0234547834168085 0.41087546812835 44.7010575848617 0.0342998809839816 0.999230166606304 -0.0190418567483153 -2.87629986332308 -0.410112539846448 0.0314475321576952 0.911492598643503 157.048393676514
0.910120609270225 -0.0217732431345334 0.413770954109879 45.5993768131835 0.0335271784678454 0.999213666571216 -0.0211654634083805 -2.93756112949854 -0.412984751395956 0.0331356970759744 0.910134946419326 159.060408558267
0.908707414471934 -0.020475114807114 0.416931174844684 46.4966716578725 0.0331525619394114 0.999181286610721 -0.0231875855534435 -3.00718629817183 -0.416115059233124 0.0348930675146263 0.908642246056628 161.014266166852
0.907329345312552 -0.0191548014660664 0.419983991022862 47.4194276352585 0.0323562269006215 0.999180201008638 -0.0243310602542092 -3.07415943243065 -0.419173631942005 0.0356653822793762 0.907205294732904 163.070425200843
0.9058930340276 -0.0170948068821312 0.423161409485709 48.351034475828 0.0308316549166362 0.999195720828796 -0.0256382630559079 -3.14637303134885 -0.422382788422269 0.0362722904582149 0.905691504315649 165.097541105568
0.904160515633358 -0.0176875220800721 0.426826561418439 49.2945949365919 0.0316493817898874 0.999170142561277 -0.0256386982196078 -3.22002567083267 -0.426018871180537 0.0366902954028056 0.903969990442888 167.119794194004
0.902588147786198 -0.017635648216503 0.43014371945649 50.225043949801 0.0313598382907073 0.999199521167903 -0.0248370175386218 -3.2941840593572 -0.429361381610247 0.0359068351406368 0.902418696156015 169.097758474999
0.900788211090562 -0.0176909721655783 0.433898177299814 51.2000138123379 0.0312733081080755 0.999218246499481 -0.0241842110162779 -3.36450620982172 -0.433131133676906 0.0353542835642191 0.900637271976582 171.107181076947
0.898984292256235 -0.0177768010079634 0.437619957980071 52.1789576891654 0.0313662524950623 0.999223500703405 -0.0238443671849037 -3.44006196356615 -0.436856269819917 0.0351622096569 0.898843823214619 173.177207338209
0.897276359417685 -0.0167205794367842 0.441152532638592 53.1606391917359 0.0305093657540278 0.999241946042315 -0.0241808161742743 -3.51429943596318 -0.440413797957594 0.0351561586761876 0.897106309795947 175.209332339675
0.895532250729164 -0.015631552093931 0.444721983359372 54.1491784200166 0.0298410938992005 0.999242760139329 -0.0249682883681446 -3.59029966569587 -0.443994929046332 0.035630897943645 0.89532058062622 177.23749023143
0.893970945470281 -0.0154237518182178 0.447859416039031 55.1462835927192 0.0300384257568786 0.999222204565983 -0.0255475807141237 -3.66729003038335 -0.447117033485664 0.0362917867036909 0.893738924174635 179.264147288715
0.892565965866369 -0.016028983361158 0.45063185447707 56.1541378094407 0.0309785480145715 0.999186547082186 -0.0258180884824298 -3.74735355958273 -0.449851448969484 0.0370042676239566 0.892336460107773 181.287542720251
0.891275826052721 -0.0173307959452233 0.453130274210348 57.1727061891934 0.03213445077768 0.999171067140581 -0.0249911116673393 -3.82802953716007 -0.452321543779706 0.0368350661877727 0.89109393384294 183.314590252653
0.889971484834471 -0.0188911685319854 0.455624713918181 58.1895435122213 0.0334276383772146 0.999156122370882 -0.0238670509553589 -3.90370690322042 -0.454789345932873 0.0364714529499396 0.889851944958076 185.321958585476
0.888711146891237 -0.0199986876699535 0.458031166933804 59.1424815838619 0.0349554066679269 0.999095815138577 -0.024200655306478 -3.97271500040602 -0.457133040739719 0.0375180578396957 0.888606649986368 187.172999676082
0.887398745533692 -0.0194923697979812 0.46059039714793 60.2535724014769 0.0348958098529798 0.999079447773992 -0.0249507412779432 -4.05658212782987 -0.459680050556835 0.0382139314291651 0.887262050673189 189.346766529989
0.88611943794931 -0.0188564174472335 0.463073187746229 61.2649946105608 0.0344730114003041 0.999085764713294 -0.0252833192489895 -4.13466253778111 -0.462173077075454 0.0383675679227585 0.885959353784528 191.302650844848
0.884714039621844 -0.0180017900500584 0.465786435666595 62.345742399059 0.034376840683904 0.999052655930644 -0.026683768521703 -4.21955630975597 -0.464864820050508 0.0396197707328041 0.884494755691909 193.37156295339
0.8832604831267 -0.0173350082931419 0.468562073192298 63.3568711098707 0.0343781694336267 0.999020935397862 -0.0278444267883753 -4.29945182955904 -0.467620637283237 0.0407021881998626 0.882991659905439 195.310030729076
0.882054837092462 -0.0149568164052515 0.470909288509803 64.4149759698455 0.0322020961053933 0.999072523495534 -0.0285852724787446 -4.38846207703985 -0.470044986536617 0.0403780440249978 0.881718392794721 197.317581228959
0.880475035039393 -0.0153870419381928 0.473842749878873 65.4519192286062 0.0331510784443682 0.999024911467111 -0.0291587425330174 -4.47555840192797 -0.472932044452852 0.0413819430249928 0.880126590963551 199.265268999139
0.879078278722178 -0.0172500912013244 0.476365210980397 66.5035657833319 0.0347285717489118 0.999006938015422 -0.0279117197845466 -4.5647176802252 -0.475410671086728 0.0410800699925932 0.878804370532072 201.224239824739
0.877750613228802 -0.0181532109877159 0.478773769025934 67.6861701388179 0.0352283902256418 0.999022389113636 -0.0267063020988023 -4.66195749661327 -0.477820909440527 0.0403079022093442 0.87753202307432 203.431056670764
0.876160255704286 -0.0174064627418669 0.48170553388872 68.6705001981224 0.0343615847808015 0.999060768180769 -0.0263981623111053 -4.73511106357383 -0.48079360209507 0.0396811861827197 0.875935451758621 205.231646032847
0.874564569225699 -0.0158318330354894 0.484650562073134 69.7956285921336 0.0331428733103002 0.99908122940853 -0.0271707009898198 -4.82266760907971 -0.483775117388033 0.0398252445852777 0.874285757455717 207.279551717045
0.872764093829343 -0.0144881500552884 0.487927176974414 70.8948371312111 0.0316498040438526 0.999135755753137 -0.0269449713229301 -4.90748068223156 -0.487115105931063 0.0389594030188251 0.872468359592591 209.280556964632
0.870896341663081 -0.0139108111946849 0.491269835640016 72.0027106171744 0.0308791385078684 0.999173143002104 -0.0264482345026961 -4.99374222935868 -0.490495709341962 0.0382036599713111 0.870605788794172 211.27787139285
0.868988012068757 -0.0132380447784587 0.494656031047064 73.119583130958 0.0304857926085441 0.99917542132554 -0.026815925640527 -5.07885939672976 -0.493893157808264 0.0383826990892115 0.868675035373302 213.270582629352
0.867001790630531 -0.0127265109778179 0.498142480583401 74.2408793595269 0.0299565185129024 0.999196908616555 -0.0266109903931661 -5.16375842920679 -0.497403761588147 0.0379943907629867 0.866686750924757 215.253425847702
0.864848102785736 -0.0120527471152711 0.501888922367179 75.3793409640741 0.0291456952718411 0.999231036652397 -0.0262271583991873 -5.25178917358554 -0.501186878873574 0.0373104097746247 0.86453435198806 217.245819260598
0.862689211108125 -0.0111395575250148 0.505611743629227 76.5561396320853 0.0283718702788297 0.999248925298971 -0.0263936027425712 -5.3409068905384 -0.504937978384001 0.0371146271299913 0.862357317147875 219.289833801029
0.860497458674217 -0.0108331475503906 0.50933953953072 77.7092549055483 0.0285768650039169 0.999226171969219 -0.0270262842116577 -5.42884424671754 -0.508652618593242 0.0378113761438652 0.860141159015394 221.273232095159
0.858522732924635 -0.0110345984164959 0.51265676108816 78.94441973807 0.0290948742443667 0.99920605734964 -0.0272165987679025 -5.52107415130567 -0.51194941678287 0.0382817527495173 0.858162165363927 223.388636821578
0.856363776887329 -0.0107978042656954 0.516260098262793 80.1435864525661 0.0289000095955751 0.999216512024317 -0.0270398140403083 -5.60899615867483 -0.515563644064091 0.0380758390714967 0.856004882812216 225.403451505863
0.854284124916821 -0.00924423462905198 0.519724136481291 81.3510847388223 0.0277481721408326 0.999227262471303 -0.0278373288400534 -5.69973869476358 -0.519065191337219 0.0382023829129753 0.853880498127125 227.42866472812
0.852145847960118 -0.00969528564524758 0.523214540356619 82.5221319194599 0.0284409112299192 0.999208673980889 -0.0278054025283935 -5.78653012459017 -0.522530925757263 0.0385749566119159 0.851747265536935 229.372763680758
0.850151018680397 -0.0101625516207009 0.526440849461019 83.6869465613476 0.0293231824885342 0.999175892767565 -0.0280657492485531 -5.86976474547994 -0.525721786124017 0.0392970464118504 0.849748401432964 231.267632086709
0.848049125029273 -0.010936746181594 0.529804746222648 84.8811283305681 0.0307520024529781 0.999117804491814 -0.0285994246898273 -5.95869446544489 -0.529024570206543 0.0405462739399869 0.847637306745855 233.228661720423
0.846008179151615 -0.0121775842258827 0.53303083142628 86.0988559205221 0.0330500355136379 0.999014320198294 -0.0296324685317866 -6.04766731565571 -0.53214458182069 0.0426859986548468 0.845576755568483 235.185906707778
0.844282081588365 -0.0131830041243456 0.535736852485504 87.3302490551038 0.0344522722497679 0.998964568031771 -0.0297125016436607 -6.13984402482245 -0.534790433390169 0.0435430846329719 0.843862069378048 237.144057488744
0.842527330031247 -0.0139666150145058 0.538472498662146 88.5714367594194 0.0363662939224977 0.998857807788828 -0.0309931038400253 -6.2317895850772 -0.537424590818806 0.045694786183247 0.842072915903906 239.104448254319
0.840897773118732 -0.0144947215626311 0.540999850472049 89.8231649167682 0.0382571891462254 0.998732543620919 -0.0327061735933581 -6.3245657546436 -0.539840089880871 0.0481996821494784 0.840386499176481 241.068376384487
0.839083367289417 -0.0152399842305374 0.543789339375926 91.0928320365163 0.03936188580186 0.998688251069336 -0.0327478109526817 -6.41548957157185 -0.54257694816899 0.0488827173623175 0.838582575098542 243.050493302148
0.83705505711377 -0.0148521228970811 0.546917037406692 92.3674681520884 0.0396825305492111 0.998646759566659 -0.0336146750128798 -6.5064752338543 -0.545677677873553 0.049840385757542 0.836511690186136 245.030071078404
0.834972751381381 -0.0139093049436845 0.550115474865587 93.6504003873551 0.0388993288341601 0.998671616851522 -0.0337911809710487 -6.59973543409538 -0.548914698898525 0.0496138381013793 0.834404650275867 247.011310837302
0.832768190776093 -0.014217361846186 0.553439253264211 94.9829981807012 0.0400232626389361 0.998600532532788 -0.0345704335085113 -6.69291217149165 -0.55217323267182 0.0509396019553184 0.832171783992576 249.031313097846
0.830823078268009 -0.0131939724322391 0.556380204274673 96.1986367203554 0.0394162701714356 0.998603454165946 -0.0351781036102588 -6.787277108502 -0.555139054888991 0.0511572127788352 0.830182852941242 250.905709294914
0.82908533427381 -0.0114671128479292 0.559004484610829 97.5185289002704 0.0378444158164323 0.998647771138159 -0.035643083372508 -6.88537291534022 -0.557839859353559 0.0507063558513077 0.828398187342707 252.895746736752
0.827287948108404 -0.0128287749758404 0.561631617207584 98.8503206131437 0.0394511568461606 0.998597706686482 -0.0353019322983803 -6.98523778608755 -0.560391164400445 0.0513618801556081 0.826633957764133 254.888410066173
0.825795923814182 -0.0145124230046463 0.563782299997451 100.316249783072 0.0410498411439032 0.998563944679666 -0.0344232323852011 -7.08847592915583 -0.562473112916468 0.0515697388428472 0.825205767843232 257.032638297398
0.824439729916624 -0.0156057401018283 0.565734560205472 101.605253292487 0.0421359086003198 0.998537974770747 -0.0338596832111577 -7.1834498903368 -0.564379036589268 0.0517530078025292 0.823891940270058 258.942092125657
0.823047013683634 -0.0154964098336634 0.56776181145681 103.029825537775 0.0419110587490416 0.998559529960138 -0.0335011683426553 -7.28111775683269 -0.566424819743085 0.0513685351947638 0.822510910061963 261.024788144002
0.821503889839444 -0.0154417565035391 0.569993781663229 104.409714234613 0.0415242579520745 0.998599172940324 -0.0327937159289742 -7.37512305921139 -0.568688926373807 0.0506087340188044 0.820994312441214 263.041792119445
0.819824450748413 -0.0168275805047681 0.572367628792386 105.810755919318 0.0429074693371684 0.99856322680671 -0.0321003293511241 -7.46937563780753 -0.571005095450245 0.0508754813611256 0.819368577848901 265.072180810079
0.818301174139253 -0.0171909959831883 0.574532556135356 107.300161187746 0.0431890139469819 0.998565942952308 -0.0316348960809946 -7.56998511075282 -0.573164808302645 0.0507003671867762 0.817870145738624 267.1916791533
0.816932739120038 -0.0159465170177153 0.576512452900053 108.645052639769 0.0425720800345671 0.99855795138629 -0.0327052858838919 -7.65824481950762 -0.575159558518645 0.0512613530666173 0.816433558794846 269.148324733022
0.815409557461295 -0.0138684020290818 0.578718343433086 110.075155680857 0.0422675261092919 0.998470908235984 -0.0356272598302154 -7.75769963722048 -0.577339336817937 0.0535118008626986 0.814748904467539 271.191509201819
0.813207670016373 -0.0123941315515647 0.581841620142135 111.560075050364 0.0406494107173578 0.998541098150637 -0.0355429418091926 -7.85981532015044 -0.580552246429961 0.0525553118837916 0.812525093986594 273.308316583411
0.810308233132018 -0.0111813185121994 0.585897214052768 112.98902312572 0.0386841743854811 0.998657721796359 -0.0344425514243529 -7.96453762357826 -0.584725663854923 0.0505740329896109 0.80965311412764 275.306897285506
0.806888563488202 -0.0102055649223128 0.590615520077624 114.570606599257 0.0366485958598846 0.998789457955005 -0.0328100457092859 -8.07133728408088 -0.589565710106554 0.0481192801542483 0.806285810580834 277.497541391558
0.803667457910792 -0.00960457984858089 0.595001150537659 116.017557947862 0.0354271027978494 0.998868503010943 -0.0317274972228748 -8.16277478365914 -0.594023179246868 0.0465775239639158 0.803098373039589 279.516407244219
0.800565653901071 -0.00999985223192095 0.599161611545075 117.611582085452 0.0360499520796883 0.998853503665232 -0.0314972883077797 -8.2680146204956 -0.59815970672472 0.0468153945944169 0.800008302506896 281.661840242347
0.79754096099314 -0.0118087928741884 0.60314920869466 119.143915421084 0.0386076306459041 0.998757941817391 -0.0314964206315446 -8.36317784498511 -0.60202812757715 0.048405847451979 0.797006278230233 283.727560106942
0.794852299419115 -0.0125883988419735 0.606672361594577 120.620882947811 0.040131348467033 0.998686447333682 -0.0318567854976991 -8.4529367442089 -0.605474439574755 0.0496680191534174 0.794313408482453 285.729305485274
0.792072496598508 -0.0133406797165845 0.610281235494674 122.193862148471 0.0408658677110067 0.998677143717366 -0.0312080674305459 -8.5540113190183 -0.609057584295962 0.0496587241199622 0.791569876972555 287.782237821128
0.789195859922272 -0.0143892256078057 0.613973000113159 123.772859615566 0.041059653254143 0.998724900701048 -0.0293713737222473 -8.65391898779317 -0.612767492248239 0.0483892850338796 0.788780373448601 289.845270729597
0.786293191491428 -0.0139299444318227 0.617696506111498 125.361657410019 0.0397282927296443 0.998816810240527 -0.0280471449122128 -8.7537868083223 -0.616574958760906 0.0465933066981225 0.785916270349407 291.905485039159
0.783614159838881 -0.0134295028909657 0.621102646067546 126.925096576444 0.0393668869018095 0.998830464096426 -0.028070486432882 -8.84986551685286 -0.619999271544464 0.0464473082645272 0.783226372665856 293.919539995322
0.780461017507368 -0.0136503582042655 0.62505541184143 128.572763814652 0.0395069843405035 0.998840356833361 -0.0275161725049563 -8.95225146339132 -0.623954964993214 0.0461693543586927 0.780095245709406 296.003992195156
0.777405132883922 -0.014879693405734 0.628824183766721 130.196843035282 0.0407642918159868 0.99881033541956 -0.0267616586146562 -9.04859209274431 -0.627677888632755 0.0464382232995374 0.777086841696801 298.04355213625
0.774338057696947 -0.0159108175804784 0.632572065685832 131.836309511296 0.0413318965796714 0.998820733238959 -0.0254718899400018 -9.14278725598703 -0.63142081588054 0.0458692569801273 0.774082530830431 300.115395804223
0.771596053483811 -0.0149016059062421 0.635938261460673 133.4475868924 0.0399865026025625 0.998884660488365 -0.0251100507896659 -9.23556696784524 -0.634854794309551 0.0448037630390506 0.771331325021691 302.072420137466
0.769048899015386 -0.0151756380875056 0.639009773737351 135.089086105924 0.0396803749227221 0.998923379609326 -0.0240322598994395 -9.32524066264028 -0.637957097906446 0.0438381304176975 0.768823100298284 304.078070328236
0.766673527342697 -0.0158091908656395 0.641842482199551 136.769457956291 0.0398079422117858 0.998943865159438 -0.0229451955142168 -9.41395994660335 -0.640801865016613 0.0431419024209213 0.766493148075528 306.127272625341
0.7645983397787 -0.0133681037333084 0.644368429246989 138.423605871598 0.0373203415342022 0.99902563308672 -0.0235579401359361 -9.50014197683119 -0.643425652982088 0.0420604117698978 0.764352242651462 308.110542687513
0.762302989125252 -0.00960101632183967 0.647149112072553 140.103622192383 0.0336656482056936 0.999124583845935 -0.0248332455707388 -9.58853276509997 -0.646344162889707 0.0407171516719171 0.761958881212188 310.130075183094
0.759832003450269 -0.00610188550063829 0.650090834827016 141.880052056165 0.030443691707089 0.999192934279844 -0.026204230965247 -9.68406023923686 -0.649406273582257 0.039701978270275 0.75940453300822 312.268170912024
0.757499655983384 -0.00539422453828962 0.652813276156885 143.567991002933 0.0282506831808623 0.999299997116396 -0.0245237571139612 -9.7770300757222 -0.652224018328725 0.0370191586182146 0.757121794568305 314.248371418591
0.754831689839232 -0.00657971925863446 0.655885529119928 145.225284291719 0.0288408626599613 0.999315517303684 -0.0231668193133837 -9.86395368081052 -0.655284155657284 0.0364033538365254 0.754504785388385 316.189871879645
0.752493615294336 -0.00597248623237086 0.658572462489485 147.015456437103 0.0286924412867991 0.999306769410728 -0.0237218132295545 -9.95093426961519 -0.657974241710315 0.0367465647115267 0.752143328912541 318.296425853768
0.750130226331279 -0.00440624322160809 0.661275455891761 148.675956029086 0.0267024535681148 0.999364065333056 -0.0236314175289999 -10.0451009930502 -0.660750802131656 0.0353843177362414 0.749770850020667 320.180810086361
0.747538951757677 -0.00464855349829586 0.664201706227414 150.474190196244 0.0245456142632408 0.999485820854935 -0.0206302382530578 -10.1365804514327 -0.663764286795753 0.0317251455522464 0.74726868441961 322.254887154726
0.744989503694596 -0.0035852983220933 0.667066552167639 152.222658366717 0.0221867232343479 0.999565482614351 -0.0194060629202008 -10.2176917688483 -0.66670712362851 0.0292573341554206 0.7447453388247 324.241686522428
0.742329217975166 -0.00274502904753634 0.670029698562614 153.999811591931 0.0210984763795812 0.999591486369645 -0.0192799033136591 -10.2922573389867 -0.669703058403379 0.0284486413182066 0.742083882301933 326.263984802637
0.740177031558288 -0.00213665825927275 0.672408653011727 155.741951473331 0.0208039725206806 0.999588987350811 -0.0197243781737072 -10.3750121985331 -0.672090140294381 0.0285883028258714 0.73991726041539 328.196007875568
0.73789280552634 -0.00249941882234955 0.674913298474713 157.51304834684 0.0207737508264413 0.999603449306357 -0.0190104027162339 -10.458390254625 -0.674598146179685 0.0280481200864327 0.737652115926301 330.165835365353
0.735511374114829 -0.00266736498002916 0.677507124473078 159.320325752272 0.0204370060749824 0.999624541594037 -0.0182511540896263 -10.5436570314341 -0.677204066238831 0.0272701486423426 0.735289733141037 332.167935702819
0.733224157435163 -0.0001070824287902 0.679987002439642 161.108209666363 0.0175188262214996 0.999671029080199 -0.0187329748186733 -10.6256464223583 -0.679761300517554 0.0256480438062944 0.732984823968132 334.127921763845
0.730657257501619 0.00945710940671048 0.682678940016376 162.882982370456 0.00753055876827273 0.999731606680413 -0.0219090230005415 -10.7127079920337 -0.682702909576963 0.021148940537771 0.730389936656632 336.076711997363
