0.999999999979746 -6.21272229640206e-06 -1.38190168531163e-06 -3.70328971333052e-06 6.21272608323608e-06 0.999999999976946 2.74031898483421e-06 -1.68844500922283e-05 1.38188466043891e-06 -2.74032757015535e-06 0.999999999995291 -1.45535210391548e-05
0.99999820930505 0.000788975300621198 0.00172014669953293 -0.00645816190832442 -0.000787417182118428 0.999999279301749 -0.00090629474453898 -0.0208622104865081 -0.00172086050399474 0.000904938648574582 0.999998109860798 1.20361012417367
0.999994300757801 0.00112583785812097 0.00318291392167121 -0.0100817363591724 -0.00112454917442642 0.999999285017848 -0.000406636136111351 -0.0426693319724602 -0.00318336945230107 0.000403054475370639 0.999994851839758 2.40674162851283
0.999990999334811 0.000507675265152025 0.00421230521114355 -0.0113534773828754 -0.000507630184168517 0.999999871086507 -1.17713565752265e-05 -0.0649381054851052 -0.00421231064414715 9.6329573550803e-06 0.999991128133767 3.61341893955012
0.999987309312485 0.00021774144258572 0.00503326957750773 -0.0117847123970284 -0.000217818578972938 0.999999976168351 1.47771359530144e-05 -0.0859912754739856 -0.00503326623996171 -1.58732880479602e-05 0.999987332909271 4.81157504618789
0.999982051933309 -6.53600589877376e-05 0.00599095479127565 -0.0110919834814331 6.45931886529707e-05 0.999999989696484 0.000128198093783753 -0.108064139480505 -0.00599096310858272 -0.000127808818002772 0.999982045851793 6.02379963565304
0.999976623134718 0.000284935242553363 0.00683169056633515 -0.0100294593474541 -0.000279303747176417 0.999999620468143 -0.000825259344853391 -0.130737200629474 -0.00683192311896254 0.000823331936102136 0.999976323195214 7.22018800665087
0.99997103881753 8.65956111478254e-06 0.00761061437736944 -0.00786820499968676 2.06237527503205e-07 0.99999932147587 -0.00116492392782964 -0.152367181303812 -0.00761061930111389 0.00116489175984949 0.999970360311265 8.41325340287137
0.99997016481112 -0.000428922176769791 0.00771268522546582 -0.00486443813187725 0.000425981090678837 0.999999835937136 0.000382969725939223 -0.174933771620844 -0.00771284822430908 -0.000379672841900708 0.999970183465888 9.61414655000488
0.999978454247805 -0.00107783104565204 0.00647528535338824 -0.00323017140761924 0.00106933494297656 0.99999856312112 0.00131540049954037 -0.196691667017501 -0.00647669382868335 -0.00130844790935305 0.999978169962284 10.8130399857906
0.999989190992046 -0.002220188590031 0.00408517584666633 -0.0033707568111957 0.00221681115304196 0.999997197509306 0.000831096772330267 -0.217551052738961 -0.00408700958957018 -0.000822031725619617 0.999991310270473 12.0179228124316
0.999996165918546 -0.00187478369300269 0.00203797308894442 -0.00799051505541106 0.00187397975535918 0.999998165564657 0.000396317041400156 -0.238840939340394 -0.00203871235914103 -0.000392496401577689 0.999997844796923 13.2085802641417
0.999998547291294 -0.0015216634867012 0.000768085630471804 -0.0138556385056113 0.00152145411830214 0.999998805297406 0.000273095453254491 -0.260755610378318 -0.000768500272217511 -0.000271926449480659 0.999999667731614 14.4073711206223
0.999999999535698 -2.88810729938604e-05 -9.72045266179255e-06 -0.0229739926445791 2.88824142460824e-05 0.999999990059435 0.000138010641340126 -0.282578533457024 9.71646666975928e-06 -0.000138010922026187 0.999999990429288 15.6151770984971
0.999999822924176 -0.000282810480423535 -0.000523612307719366 -0.0309264035258478 0.000282939616206624 0.999999929574903 0.000246567157372032 -0.304284855566329 0.000523542539067685 -0.000246715264376336 0.99999983251738 16.8099064015485
0.999999094596725 -0.000873099342922495 -0.00102396448524901 -0.0379367088029098 0.000873796317137857 0.999999386759051 0.000680412756127709 -0.32460789836963 0.00102336978938177 -0.000681306876475862 0.999999244267322 18.0112417406288
0.999998134364592 -0.00128754662367034 -0.00143996216187161 -0.0470335277721184 0.00128880740398473 0.999998786692021 0.000874979977682836 -0.346406679563906 0.00143883383723798 -0.000876834179184886 0.999998580458498 19.2151941297746
0.999997452965657 -0.000848944421099904 -0.00209125693525807 -0.0562922324665985 0.000848790129139476 0.999999636990091 -7.46659485820498e-05 -0.367741330430406 0.00209131956335157 7.2890720161173e-05 0.999997810532317 20.4200341400568
0.999995770708599 -0.00119342092189725 -0.00265222763332064 -0.06434538934154 0.00119090817037521 0.99999884076778 -0.000948789137149119 -0.388783706642585 0.00265335686357965 0.000945626564885163 0.999996032736008 21.6250887109174
0.999994081366231 -0.00041585292522337 -0.00341530362519964 -0.0773682783357668 0.000414444395749862 0.99999982878614 -0.000413114432318277 -0.410190088513543 0.00341547483529745 0.000411696533797999 0.999994082501298 22.8177447487136
0.999991001249311 -0.000513979300031056 -0.00421108604519682 -0.087038895337972 0.000511983514075671 0.999999756123691 -0.000475000462717011 -0.434888582837386 0.00421132915861804 0.000472840181674775 0.999991020524125 24.028591849587
0.999986945007612 -0.000561580838451855 -0.00507882282675517 -0.0993596440185003 0.000555685583722032 0.999999170381191 -0.0011620888351866 -0.457762532739175 0.00507947122009065 0.00115925143549859 0.99998642746201 25.2269435654134
0.999982624846447 -0.000198541008385787 -0.0058915691185242 -0.11388504719909 0.000195638478626133 0.999999859224664 -0.000493230411139062 -0.4793880249394 0.00589166621559977 0.000492069223565863 0.999982522915817 26.4301510564315
0.999976739612394 -0.00149210246446338 -0.00665536358143095 -0.128188730766826 0.00150038564886496 0.999998105906523 0.00123976863629154 -0.500318118144079 0.00665350111371263 -0.00124972541079807 0.999977084292099 27.6321132881777
0.999970056888347 -0.00185222119523938 -0.00751362784283241 -0.142809526305884 0.00186243812180638 0.99999735033094 0.00135301712571039 -0.52159717284876 0.00751110184720742 -0.00136697027909509 0.99997085694599 28.8482880938247
0.999963035089615 -0.00250359248232779 -0.00822559900840432 -0.159037659435867 0.00250781508712746 0.999996728884169 0.00050307499508336 -0.542226787919514 0.00822431260674145 -0.000523684680255187 0.9999660426417 30.043200976202
0.999953789214985 -0.0029794565192531 -0.00914014624848801 -0.175971849520132 0.00297488538142228 0.999995443088903 -0.000513671485500018 -0.563414671851977 0.00914163505951037 0.000486456860878745 0.99995809605611 31.2396071173657
0.999948521918636 -0.00238504466985981 -0.00986230574751935 -0.1948308561835 0.00237986308475297 0.999997023885758 -0.000537095265807652 -0.584562431256783 0.00986355739237168 0.00051359667979479 0.999951222037364 32.4635485761609
0.999940796326728 -0.00294403150531057 -0.0104755200331543 -0.213795733947659 0.00294409242289951 0.999995666104377 -9.60566839405418e-06 -0.604552900617966 0.0104755029127342 -2.12357994523405e-05 0.999945130188535 33.6456337522364
0.999933091872088 -0.00325581066197523 -0.0111000664889426 -0.234065920162992 0.00325899144563195 0.999994653432519 0.000268479297361628 -0.626521227438909 0.0110991330239292 -0.000304636355647868 0.999938356321432 34.8636978165535
0.999925173296871 -0.00380962519141339 -0.0116247392711897 -0.253385800732297 0.00381128429513937 0.999992729760813 0.000120571717020243 -0.648630466773364 0.0116241954235042 -0.000164867881255543 0.999932423166355 36.0656820263966
0.999919608920985 -0.00392481802148491 -0.0120570103592355 -0.27549538222471 0.00392598586102776 0.999992290609218 7.31925438288202e-05 -0.669608199317586 0.0120566301396159 -0.00012052231199787 0.999927308930029 37.2866536407151
0.999913770336692 -0.00479505118356202 -0.0122253578764587 -0.294435009504095 0.00480362099528746 0.999988236940472 0.000671718706302978 -0.691416659178576 0.0122219931432686 -0.000730386769995356 0.999925041900028 38.4941738774154
0.999917325290684 -0.00447869686466478 -0.0120533753745071 -0.31573924063719 0.004501798875983 0.999988080416853 0.00189019340197515 -0.710872136856803 0.0120447661000341 -0.00194429900249785 0.999925568885497 39.6825779373046
0.999920356736824 -0.00400680893868054 -0.0119676925692062 -0.33909608910507 0.00404041778515075 0.999987958098203 0.00278544120516066 -0.732320050359862 0.0119563877247085 -0.00283357384143754 0.999924504976181 40.9254379318666
0.999923700227833 -0.00331041708591109 -0.0119010445506381 -0.361567198164276 0.00333835034330761 0.999991717818075 0.00232802754284108 -0.751917337203617 0.0118932392418677 -0.0023675797710313 0.999926470009852 42.1315500834171
0.999929081540155 -0.00219323800514359 -0.0117056224658852 -0.382858454084858 0.00222061464147583 0.999994828644472 0.00232627490377352 -0.769832715644036 0.0117004598574204 -0.0023521036045755 0.999928780887798 43.3208717518702
0.999938386061754 0.000539315448768328 -0.011087525380429 -0.407130926319235 -0.000493715413193103 0.999991411229572 0.00411505919527931 -0.786704243933695 0.0110896494672155 -0.00410933156810168 0.999930064088863 44.5266458334851
0.999955157415613 0.000558885883744884 -0.00945361330318259 -0.427455493299213 -0.000491746150890827 0.999974653516815 0.00710285221927415 -0.80137987242536 0.00945734337117165 -0.00709788493107027 0.999930086899012 45.7299586968648
0.999970158728472 0.00126342426139221 -0.00762137859510648 -0.445193059266607 -0.00118755677058917 0.999949783508311 0.0099508879301529 -0.814484404439643 0.00763356806944495 -0.00994154016325239 0.999921444123343 46.942869128717
0.999980318215317 0.00163991834984524 -0.00605589380673143 -0.458807871336396 -0.00155956676934041 0.999911007979869 0.0132492970445091 -0.822491343592766 0.00607708264585371 -0.0132395917039579 0.999893885508871 48.1469951182995
0.999988726301728 0.00100200760957391 -0.00464147069335673 -0.472702335364397 -0.000934588306732703 0.999894361878623 0.0145048829033151 -0.828485442190297 0.00465551438015736 -0.0145003815154057 0.999884025835879 49.36131875853
0.9999947429907 -0.000833495494816764 -0.00313357243788 -0.479785100466373 0.000874112135764423 0.999915337553563 0.0129828214621523 -0.832481178101512 0.00312248601877261 -0.0129854923050354 0.999910809557862 50.5639787175829
0.999997919375347 0.000137870860380074 -0.00203524853572859 -0.489880380168158 -0.000114938954812152 0.99993656161657 0.0112631936620136 -0.838188143531746 0.00203667228905241 -0.0112629362981957 0.999934496970642 51.7710569602536
0.99999917085742 0.000596519956105909 -0.00114124862086892 -0.501966141608438 -0.00058420851441132 0.999941962712152 0.0107577835905697 -0.844862732610843 0.00114759961848945 -0.0107571079436719 0.99994148210973 53.0006693410054
0.999999359012103 8.53507296287371e-05 -0.00112902198246237 -0.508408200317586 -7.37431721453977e-05 0.999947186264325 0.0102771223600447 -0.853945259001115 0.00112983951448573 -0.0102770325148712 0.999946551604314 54.1962639296764
0.999997983613475 -0.000690631745299956 -0.0018856820454301 -0.517819481592883 0.000707931332836899 0.999957529854104 0.00918897825151359 -0.863592226768656 0.00187925576015115 -0.0091902946563854 0.999956002473067 55.4135390585332
0.999993932903965 -0.000309852479534086 -0.00346960324828129 -0.530410136349638 0.000343019721262203 0.999954215928696 0.00956286483734942 -0.871682592833874 0.00346648131833747 -0.0095639969608692 0.999948255395949 56.6263610102355
0.999988205085169 -0.000342090265083523 -0.00484485962559491 -0.543211343617744 0.000394645506948392 0.999941050122735 0.0108508310449576 -0.883295384095679 0.00484086205804607 -0.0108526150624126 0.999929390907599 57.8376508652632
0.999982464367282 -0.000473076839149856 -0.00590314799428439 -0.557172782242791 0.000539022963681617 0.99993741510445 0.0111747630165259 -0.892805037930216 0.00589749202481764 -0.0111777489923129 0.999920135568477 59.0559695078935
0.999977107388312 0.000569241643489297 -0.00674245231767562 -0.573493754191307 -0.000495497220461145 0.999940099763997 0.0109339547499001 -0.902173237616733 0.00674827250556222 -0.0109303635767373 0.999917490581233 60.2754368514396
0.999972667846395 0.00103207744807553 -0.00732109119624633 -0.589322004876858 -0.000953260657270879 0.999941643861958 0.0107610484974865 -0.910572175127864 0.00733177020110977 -0.0107537754666503 0.999915297142178 61.4803611846575
0.999971733146481 5.53181114681149e-05 -0.00751863338170886 -0.605401320522702 2.1924551038224e-05 0.99994723082557 0.0102730269925248 -0.920661578547288 0.00751880491408475 -0.0102729014490369 0.999918964250845 62.7136700390369
0.999969697625092 -0.000986778978447796 -0.00772205276015334 -0.620171248097531 0.00105853720719373 0.999956248892136 0.00929407340992162 -0.93115283487084 0.00771254371552504 -0.00930196585758726 0.999926992385254 63.9280980937143
0.99996618330566 -0.00137759933332211 -0.00810767939597514 -0.635017061765779 0.00146297510112515 0.999943448396135 0.0105337416666225 -0.940267883917427 0.00809270961820435 -0.0105452467833845 0.999911649007708 65.11001821159
0.999963529172745 -0.00157402935375763 -0.00839420966991352 -0.651700912384255 0.00167571652919838 0.999925137212164 0.0121207237964181 -0.952390330721778 0.00837450288093159 -0.0121343480594878 0.999891306742222 66.347904973223
0.999962310523515 -0.0010373236204671 -0.00861983133130908 -0.668212664252301 0.00112765950064896 0.999944428975869 0.0104817624555367 -0.962962500500566 0.0086084793386749 -0.0104910876380919 0.999907911341662 67.5457463154259
0.999962177026817 0.000583976972580704 -0.00867775816005209 -0.687617539609059 -0.000503513604963244 0.999956890453492 0.00927166158962131 -0.971239354224848 0.008682798502699 -0.00926694153851948 0.999919363151191 68.7294532412489
0.999957757778324 0.00291365903826399 -0.00871741073692727 -0.708392075662156 -0.00282929978854632 0.999949204730062 0.00967383183769702 -0.983438425203148 0.00874515418126427 -0.00964875902519341 0.999915208268991 69.9357825279193
0.999951811468676 0.00470505010063758 -0.0086161037635089 -0.72811311459196 -0.00461995193545118 0.999940617292127 0.00987005235817538 -0.994800465415789 0.00866203120677725 -0.00982977074958988 0.999914168727688 71.1295500085977
0.999945127369488 0.0061976789997259 -0.00844576965317339 -0.748896132308204 -0.0061110404984663 0.999928837914291 0.0102456962380233 -1.00372713198209 0.00850866817100142 -0.0101935215893281 0.999911843455994 72.3285270892688
0.999950330083344 0.00664807956282503 -0.00742565851201861 -0.765136255649905 -0.00656394501267269 0.999914634350901 0.0112977270623368 -1.01576464096177 0.00750013280424924 -0.0112484242910194 0.99990860630304 73.52340638529
0.999950253201633 0.00842445608227796 -0.00534038029616903 -0.782422569463884 -0.00835959691130614 0.999892412966837 0.0120532000247366 -1.02534454448344 0.00544134739475631 -0.0120079569899962 0.999913096577626 74.7249005681583
0.999971856959464 0.0069685920928287 -0.00277921091033234 -0.792026989492042 -0.00694063169398422 0.999926445618958 0.00994640555803033 -1.03734224012152 0.0028483189303178 -0.00992683615660701 0.999946671079609 75.9079638126738
0.999991607347829 0.00408642620090406 -0.000293861888419959 -0.795017579435152 -0.00408493723015571 0.999979648657161 0.00490056724538945 -1.04962364448726 0.000313881714326772 -0.00489932570926459 0.999987948970318 77.0940464587689
0.999984867401377 0.0050725960679756 0.00212925747169454 -0.799356884715664 -0.00508198604555912 0.999977282949839 0.0044279794591061 -1.06242180368629 -0.00210674775005241 -0.00443873330902879 0.999987929557417 78.2792681576702
0.999978882326637 0.00414296031650959 0.00500707305579947 -0.800075207867356 -0.00418289543646838 0.99995931673553 0.00799176198221231 -1.07865551275562 -0.00497375979897083 -0.00801253727782834 0.999955529491104 79.4675502234741
0.999955985026262 0.00443206364763686 0.00826951159270229 -0.797810289142688 -0.0045090204941528 0.999946487680675 0.00931077382737244 -1.09204468521248 -0.00822780312974561 -0.00934765141115508 0.999922459328099 80.6390328936656
0.999911632561255 0.00474267430316101 0.0124191025899396 -0.79115302947444 -0.00483546758634794 0.999960538604426 0.00745248194687788 -1.10387321531449 -0.0123832678201953 -0.00751187555816112 0.999895107700649 81.8258636836192
0.999867423713703 0.00395084178532132 0.0157963870967552 -0.779219258411198 -0.00402188202073592 0.999981930511608 0.0044680102158702 -1.12005720700559 -0.0157784492626639 -0.00453094906892567 0.999865246440439 82.9966369729488
0.999813421667514 0.00259415906612992 0.019141373833601 -0.762452254026236 -0.00261497334624466 0.999996016551272 0.00106244810977121 -1.13765467377489 -0.0191385414255235 -0.00111230406235991 0.999816222618825 84.1622219419477
0.999744540317337 0.0019872129532529 0.0225145528570915 -0.740805913686331 -0.00199101805236296 0.999998007177088 0.00014659116060102 -1.15924812892087 -0.0225142166817215 -0.000191380593649001 0.999746504580375 85.331726234939
0.999656555963335 0.00175496095114844 0.0261474708448582 -0.71736229275615 -0.00180652474836841 0.999996469811978 0.00194854610269913 -1.18160585705672 -0.0261439589170481 -0.00199511293934847 0.999656197368127 86.4990998750568
0.999548956115746 0.00281620451780381 0.0298990521595044 -0.692159421126309 -0.00289015757137055 0.999992869812234 0.00243049663745057 -1.2026893900987 -0.0298919941980376 -0.00251581334878215 0.999549968418817 87.6652476758763
0.999432585463377 0.00241571177195424 0.0335957058360706 -0.661539912323605 -0.00242731683139663 0.999997007655654 0.000304651828976869 -1.22353444724587 -0.0335948693551406 -0.000386026387339043 0.999435458514775 88.8185403960117
0.999312963129528 0.00236297643423778 0.0369867282096351 -0.62680989679196 -0.00228801961577826 0.999995242539358 -0.00206878343212328 -1.24464135121663 -0.036991440733229 0.00198273574196128 0.99931361547387 89.9848016033242
0.999191445470942 0.0023547826190618 0.0401361470062285 -0.588205769596853 -0.00226373331233806 0.999994760889239 -0.0023138075900668 -1.26802255326337 -0.0401413852424058 0.00222107921745358 0.999191541196147 91.1319589677754
0.999073763774097 0.000963382994636875 0.0430196051988635 -0.543740882464714 -0.000917959785751985 0.999999000201586 -0.00107561408547764 -1.29171957848615 -0.0430205984162492 0.00103512754517509 0.999073649248579 92.2982336931628
0.998950704656399 0.000312891568444356 0.0457972899345618 -0.496551504505944 -0.000330568987872905 0.999999873761348 0.000378419649996938 -1.31291349071578 -0.0457971657488559 -0.000393161739801259 0.998950681982458 93.4656557353232
0.998824171199672 -0.00044701187120275 0.0484775742758938 -0.446245774471172 0.000343316198117482 0.999997635509158 0.00214734954786965 -1.33236790252051 -0.0484784195418529 -0.00212818149593254 0.998821962955483 94.6338704510332
0.998700883567506 -0.00198061582761014 0.0509177996620607 -0.389358276041416 0.00182398009267823 0.999993461430743 0.00312252980498599 -1.35198836842804 -0.0509236512644551 -0.0030256002222588 0.998697966096453 95.8078717824624
0.998580507927508 -0.00310915176184962 0.0531723834575911 -0.331781470860482 0.00306743135017688 0.999994920253772 0.000866216811439853 -1.37165245345957 -0.0531748065549022 -0.000701884587561514 0.998584972501527 96.9590076603327
0.998454077942944 -0.00450402821709085 0.0554000719216684 -0.2701924296594 0.0046625901973445 0.999985394814498 -0.00273320514107418 -1.39152631761701 -0.0553869523602627 0.00298728765123428 0.998460495773734 98.1322565916798
0.998336844346965 -0.00379891296577554 0.057524894433814 -0.20762527428572 0.00412776627835 0.999975806252783 -0.00559896907007422 -1.41243226332079 -0.0575022326948641 0.0058271064324237 0.998328371862551 99.306059572968
0.998243789110542 -0.00375051787779486 0.0591208179736706 -0.14443364867991 0.0041384204129851 0.999970698809294 -0.00644010864337081 -1.43839143035173 -0.0590949319207065 0.00667346525437665 0.998230060598651 100.491415702538
0.9982192690382 -0.00363474479056101 0.0595405706317041 -0.0799863240312401 0.00398999904010752 0.999974935473006 -0.00584878905563819 -1.4635681244896 -0.0595178194199132 0.00607594075554573 0.998208751772611 101.680379738325
0.998256817520546 -0.00349735366713315 0.0589159977517042 -0.0178732661117067 0.00374490441131852 0.999984616034603 -0.00409186816477458 -1.48674746961849 -0.058900780679902 0.00430537007175909 0.998254557627384 102.847181457194
0.998338818424032 -0.00416061860543006 0.0574655799633756 0.0486940648489419 0.00431752495943813 0.99998728234922 -0.00260655290491423 -1.51230109743073 -0.0574540042636856 0.00285033202305226 0.998344085474255 104.069779692428
0.998451611022259 -0.00374825740406427 0.055500729846444 0.105938898627375 0.00385097334983379 0.999991064402813 -0.00174388038260327 -1.5333541621607 -0.0554936974017226 0.00195491200897533 0.998457123700223 105.260137777608
0.99858754315114 -0.003500524153815 0.0530157051638356 0.161483452192111 0.00357218246267696 0.999992829774459 -0.00125694555262328 -1.55430502679789 -0.0530109250610054 0.00144455194350154 0.998592887564226 106.463230812269
0.998746186245736 -0.00294880894686601 0.049973592880562 0.21424236657782 0.00301945229876785 0.999994546077755 -0.00133817882203989 -1.57479043561862 -0.0499693742947892 0.00148739387492806 0.998749642949647 107.666860148479
0.998926078919862 -0.00157360832372575 0.0463056433994061 0.259507891996551 0.00165904789907765 0.999996991606565 -0.0018067478763106 -1.59512776891155 -0.0463026609803155 0.00188163085207696 0.998925684448787 108.867333526229
0.999105589837628 -0.00131320345998222 0.0422645933599094 0.309119846802259 0.00137362878200181 0.999998075614887 -0.00140068215214347 -1.61649143482816 -0.0422626726459066 0.00145748522969111 0.999105471027774 110.099495603368
0.999267135014612 -0.00078435189358308 0.0382698010420232 0.349171858785331 0.000800294075530106 0.999999599261412 -0.000401256038521472 -1.63712734076863 -0.0382694709799035 0.000431589067066311 0.999267362281885 111.318312428854
0.99942075434939 -0.000476732269479816 0.0340283485058989 0.38397790995504 0.000461384717553188 0.999999788279622 0.000458873461957345 -1.65833637154353 -0.034028560061191 -0.00044290750153613 0.999420762708634 112.536875843716
0.999561923383088 -0.000510202277763315 0.0295922458819559 0.412081830658855 0.000479588707703603 0.999999342530153 0.0010416016188374 -1.67921304581956 -0.029592757853465 -0.00102695321056347 0.999561510888514 113.757525369293
0.99969100855415 0.000100176137310454 0.0248571394317193 0.434469893638857 -0.000128346321217164 0.999999351401597 0.00113169059708996 -1.69897247978103 -0.0248570099410257 -0.00113453123677815 0.999690373013397 114.978743378418
0.999801377693611 0.000927408375950965 0.0199084172063594 0.449732154655512 -0.000948183210144738 0.999999015786053 0.00103410614779444 -1.71849394573791 -0.0199074385735144 -0.00105277757818194 0.999801273028202 116.207728708379
0.999887070216195 0.00140886660906338 0.0149620155511379 0.461177759907861 -0.00141965690872723 0.999998739822254 0.00071058297607596 -1.73846587810244 -0.0149609955797109 -0.000731743658839753 0.999887810287975 117.424939644074
0.999943964017065 0.00247460387397823 0.0102929666037588 0.468289689998225 -0.00247600407885053 0.999996927096441 0.000123294266647468 -1.75932972575975 -0.0102926298699952 -0.000148772785026425 0.999947018414985 118.663949637029
0.999966708158264 0.00442592372810515 0.00685520052796578 0.463860845686112 -0.00442671649658163 0.999990196994779 0.000100475876974446 -1.77778412872041 -0.00685468862783121 -0.000130818561211973 0.999976497788983 119.894298727194
0.999967872886213 0.00642695228188572 0.00479035278333699 0.462695230187218 -0.00642798415864019 0.999979320287604 0.000200041989410027 -1.8005242643976 -0.00478896805989884 -0.000230827874443859 0.999988506185653 121.126245476382
0.999964069683087 0.00760014955934316 0.00375460643936999 0.456546344581638 -0.00759977669756746 0.999971114831372 -0.000113565180846248 -1.82068123996556 -0.00375536109928903 8.50269298868493e-05 0.999992944991831 122.364604645894
0.999948676800103 0.00976133441797424 0.00271295339125379 0.448116336963942 -0.009761590747985 0.999952351236392 8.12581057895317e-05 -1.84011036391719 -0.00271203093483419 -0.000107736676087303 0.999996316633725 123.60462694069
0.999937884519038 0.0110029988933918 0.00177795358279187 0.44067970103175 -0.0110046787327422 0.999939006917744 0.000937811465256942 -1.85937523777447 -0.00176752640140831 -0.000957319020627079 0.999997979693316 124.85676495343
0.999941831842173 0.0107267164631116 0.00112715839130002 0.433055231672958 -0.0107282508095325 0.999941520170135 0.00136413870513898 -1.88002695206727 -0.00111245974616268 -0.00137615179362742 0.999998434318551 126.115966240561
0.999894297201871 0.0145356582871798 0.000330244356234496 0.41894780681648 -0.0145366865347656 0.999888691351126 0.00336000784576242 -1.89603206419634 -0.000281367671293159 -0.00336445334221784 0.999994300626729 127.339502456867
0.999879392683891 0.015528506993449 -0.000256040325605039 0.407328473523286 -0.0155264791043779 0.999857664500833 0.00660145329155516 -1.9124075471666 0.000358514595582328 -0.00659668170322586 0.999978177390782 128.596439802816
0.999896839306916 0.0143414307838768 -0.000796308426997457 0.398684342303473 -0.0143362238621016 0.999878014383067 0.00619911596532915 -1.92631237261044 0.000885115481360714 -0.00618706040435695 0.999980468236324 129.8510424832
0.999897545650733 0.0142560586254685 -0.00128957128849161 0.38956453058493 -0.0142499283766595 0.999887679383115 0.0046441532175976 -1.93767966226769 0.0013556337635847 -0.00462530110540419 0.99998838435593 131.114435917902
0.999932509023089 0.0114300065617856 -0.00208142950554211 0.383833420650795 -0.011418101373826 0.999918880063811 0.00564448872352401 -1.95078611045067 0.00214577720326124 -0.00562034179836915 0.999981903535391 132.380646790332
0.999951769608103 0.00933280828680663 -0.00305894542362831 0.378736915627437 -0.00930948513524944 0.999928146812863 0.00755213201086593 -1.96529323380929 0.00312920822886441 -0.00752329056162858 0.99996680352649 133.656577732741
0.999976524267659 0.00598849526725196 -0.00332999069145306 0.372220209799162 -0.00595688691547952 0.999937866135769 0.00942228030363829 -1.97637864381385 0.0033862090672686 -0.00940222273072926 0.999950064651168 134.925721009167
0.999984372956164 0.00414812799041085 -0.00374791644021514 0.363834789349911 -0.00410848207906383 0.999936174444629 0.0105246098286989 -1.98730605417142 0.00379133465598544 -0.0105090471126313 0.999937590907708 136.190743984927
0.999993400150371 -0.000159370779895242 -0.00362963588449933 0.358418382769967 0.000191082900468467 0.999961801830214 0.00873832751719673 -1.99787806840578 0.00362810460498016 -0.00873896340690157 0.999955232685718 137.472214759913
0.999989891723672 -0.00264485052404056 -0.00363609903396574 0.352843819085354 0.00267284256138699 0.999966665344014 0.00771518719252104 -2.00754480403682 0.0036155723089661 -0.00772482792553238 0.99996362667369 138.745994148334
0.999985812180782 -0.00405291253540883 -0.0034567813241083 0.343181031160055 0.00407840256373255 0.999964309889304 0.00739902562077124 -2.01809473790969 0.00342667034751196 -0.00741301879054785 0.999966651985325 140.017433188721
0.999986324751949 -0.00422745320677697 -0.0030787900989289 0.335158851151423 0.0042514611643649 0.999960279810637 0.00783351000518447 -2.03148156870906 0.00304555201181142 -0.00784649223653087 0.999964577958902 141.305654681288
0.999990364569542 -0.00363530726983021 -0.0024607537725862 0.324205652460149 0.00365930356137829 0.999945103011296 0.00981837365215779 -2.04250419223692 0.00242492587949854 -0.00982728369294495 0.999948770802633 142.597133840632
0.999997741879381 -0.00127853523010667 -0.00169752284331117 0.312183192509274 0.00129780300596163 0.99993419435888 0.0113983621286697 -2.05419115870534 0.00168283792918513 -0.0114005394400419 0.999933595673723 143.875833960028
0.999998333817455 -0.00142739120511171 -0.00113794405013991 0.303044946764549 0.00143840199458678 0.999951582481023 0.00973466452429576 -2.06560084921693 0.00112399377918557 -0.0097362851255591 0.999951969541507 145.151780707028
0.999999447812994 -0.000839772375962165 -0.000631787989819485 0.293534592019555 0.000844697749844799 0.999968937564916 0.00783647822720052 -2.07591338237812 0.000625187507006032 -0.00783700756989245 0.999969094748898 146.421890068681
0.999999495048263 -0.000984359506625252 -0.000202335315092087 0.286750586967661 0.000985442656203427 0.999984800507159 0.00542472648419576 -2.09115873054087 0.000196992358612354 -0.00542492313482105 0.999985265592945 147.687594436067
0.99999779188288 -0.00209162741987685 0.000203283301530627 0.280596333260637 0.00209135129463166 0.9999969029793 0.00134917810910131 -2.11021827914543 -0.000206104649885328 -0.0013487499931622 0.999999069196731 148.955814932442
0.999997504826944 -0.0021301269447978 0.000672977774066686 0.273181376122063 0.00213157242816656 0.999995407198232 -0.0021545258006311 -2.13181207104079 -0.000668385269751989 0.00215595492558435 0.9999974525565 150.242800264463
0.999996934415743 -0.00231155888144868 0.000887611769268068 0.269273534285856 0.00231423781008463 0.999992734525049 -0.00302905933786663 -2.15835018207094 -0.000880603471332112 0.00303110419674712 0.999995018460029 151.499296441603
0.999996459148677 -0.00253769867067999 0.000801108959313107 0.263978863554638 0.00253987586922817 0.999993052097171 -0.00272851387281522 -2.18596270383811 -0.000794179247257927 0.00273053892886764 0.999995956710066 152.783077173907
0.999997980238857 -0.00189222600956104 0.000677494601382367 0.257708287728784 0.00189371704048157 0.999995771560535 -0.00220696552345246 -2.21268342522129 -0.000673315659071776 0.00220824404898072 0.999997335148571 154.057240523241
0.99999908421703 -0.00123153219361265 0.000561153772999152 0.249203658202846 0.0012321951793351 0.999998541505466 -0.00118265886106901 -2.23883197403262 -0.000559696472097973 0.00118334922898413 0.999999143211864 155.33312568165
0.999999688586364 -0.000765292426364631 0.00019275548715399 0.240863976550502 0.000765402807455016 0.999999542784607 -0.000573226934399876 -2.26462246739808 -0.000192316712791729 0.000573374291480212 0.999999817128085 156.605682796912
0.999999802999135 -0.000564842655353528 -0.000273778132010301 0.233524136955515 0.000564592117594612 0.99999942262038 -0.000914327428475216 -2.28986612451849 0.00027429442506895 0.000914172675376619 0.99999954452534 157.879600027382
0.999999554658061 -0.000219296691506214 -0.000917928451241203 0.225593988178205 0.000218678277680239 0.999999749118947 -0.000673752071157723 -2.31438582584259 0.000918075972550447 0.000673551040094918 0.999999351732542 159.163361189855
0.999998338507838 -0.000782486769855595 -0.00164641915016451 0.216979231333527 0.000783389832408905 0.999999543037743 0.000547927618598367 -2.33710980684208 0.00164598965170071 -0.000549216496243046 0.99999849453852 160.428839759502
0.999997458187027 7.50763773035105e-05 -0.0022534380448406 0.206932857839621 -7.3096846804459e-05 0.999999611430928 0.000878518550682708 -2.36039122299609 0.00225350312521445 -0.000878351598437312 0.99999707510679 161.693329171134
0.99999598678688 0.000509025223775718 -0.00278698824092432 0.194490349033121 -0.000509332303482519 0.999999864297937 -0.000109474707862372 -2.38278243405836 0.0027869321373366 0.000110893771657567 0.999996110348352 162.947791006394
0.999993103508911 0.00084848522072722 -0.00361566141192944 0.182144009732816 -0.000853219610187948 0.999998780483206 -0.00130807048626312 -2.40747016647177 0.00361454712409437 0.00131114641838712 0.999992607944757 164.237390407494
0.999989518348149 0.00168856113323552 -0.00425581427423703 0.168538513957557 -0.00169397105384553 0.999997761443915 -0.00126789953373742 -2.43199472324575 0.00425366382148458 0.00127509547024702 0.99999014018921 165.519445953586
0.99998712711009 0.00124060327677985 -0.00492001195312649 0.155966907506161 -0.00125118748548014 0.999996908669918 -0.00214876254701782 -2.458726307588 0.00491733098188868 0.00215489074361828 0.999985588047097 166.805350652013
0.999982538058491 0.00172936552844335 -0.00565091788712877 0.140703399443342 -0.00174728246129447 0.999993457819395 -0.00316722629599219 -2.48422374213514 0.0056454036258263 0.00317704473978626 0.999979017682183 168.075565623824
0.999978948569549 0.00190715029819186 -0.00620203156061554 0.124683543797245 -0.00192524537589768 0.9999939040734 -0.00291294460667549 -2.50831361709977 0.00619643833031113 0.00292482371760795 0.99997652450357 169.312417601278
0.999973347265467 0.00223816112044193 -0.0069494887219053 0.107301133320316 -0.00224906169643872 0.999996252298148 -0.0015611249614412 -2.53512995495766 0.0069459686281007 0.0015767131820863 0.999974633425948 170.626750921559
0.999968319532572 0.00220069488542953 -0.00764963222812911 0.0915516085582662 -0.00220984064315454 0.999996853415397 -0.00118733467731049 -2.55997508656216 0.00764699519656247 0.00120420153019583 0.999970036232656 171.89439790424
0.999961643352198 0.0025265928379614 -0.008386188228435 0.073533360801962 -0.00253369995314457 0.999996439922749 -0.000836962589072173 -2.58292688986029 0.00838404370927387 0.000858178570714368 0.999964485039655 173.132614322733
0.999954616561348 0.00296605181593565 -0.0090535824000037 0.0547735639905429 -0.00297092937974607 0.999995448786563 -0.000525342537784531 -2.60820598223633 0.00905198300202964 0.000552216249877819 0.999958877484941 174.441736402658
0.999948705844121 0.00320050280843078 -0.00960949855302674 0.0342793855296014 -0.0032137385564874 0.999993908081026 -0.00136223541547932 -2.63278423509143 0.00960508017446719 0.00139304795677194 0.999952899816902 175.703194047336
0.999939694229235 0.00424482849662049 -0.010128639384322 0.0127810716214339 -0.00426394831525493 0.99998916674688 -0.00186685126490002 -2.65677702280107 0.0101206051947596 0.00190992667783419 0.99994696135874 176.967788951423
0.999935506989631 0.0043453313056386 -0.0104928526737595 -0.00921217656936203 -0.00436146346788885 0.999989341073373 -0.00151504985378368 -2.68098027480233 0.0104861574376535 0.00156071633726829 0.999943800754176 178.225426897262
0.999933472211817 0.00412323342145912 -0.0107726550382103 -0.0299128364040018 -0.00415118646875643 0.999988071674014 -0.00257374446849263 -2.70822326939103 0.0107619143892584 0.00261829254279299 0.999938660990182 179.497103085083
0.999936934502938 0.0027675275187014 -0.0108842918143587 -0.0490426535101016 -0.00281278757524052 0.999987452759402 -0.00414518393072438 -2.73467239046371 0.0108726833359322 0.0041755377134201 0.999932172520657 180.767538314306
0.999938827788578 -0.000360459539183133 -0.0110548970924747 -0.0676109450389421 0.000315992275658025 0.999991854207771 -0.00402388704940273 -2.76196885310341 0.0110562574900515 0.00402014763724398 0.999930796397075 182.036132710933
0.99993504366215 1.45869620604008e-05 -0.0113977297562121 -0.0867338427143489 -1.82786943409573e-05 0.999999947410836 -0.000323796563839042 -2.78717004351394 0.0113977244336068 0.000323983866818441 0.999934991343032 183.306367960707
0.999933800663721 -0.000875841289227033 -0.01147288944608 -0.106153157454707 0.000921351038816911 0.999991726656623 0.00396203616464632 -2.8103122056395 0.0114693244120637 -0.00397234443909128 0.999926334825315 184.567998738593
0.999932696917004 0.000252017056204037 -0.0115990570173223 -0.131034521719431 -0.000213118023647398 0.999994350096084 0.00335475134973536 -2.83022264976559 0.0115998369383241 -0.00335205359651913 0.999927101102721 185.838505350318
0.999933624946164 0.00180736445500708 -0.0113788899173379 -0.155497035905398 -0.00180538037808352 0.999998353254585 0.000184634256019595 -2.84886147000871 0.0113792048805946 -0.000164078776329777 0.999935241290375 187.097392292294
0.999930381577835 0.00208472480913217 -0.0116140397827958 -0.177893057375981 -0.00210434670069879 0.999996378796794 -0.00167753338598453 -2.8720716979484 0.0116105005305298 0.00170185656505578 0.999931147610505 188.356591008819
0.999929152199201 0.00189396934025048 -0.0117517429483842 -0.199442667995899 -0.00191031912226556 0.999997222867092 -0.00138019525973862 -2.89774188102051 0.0117490962647266 0.00140254705521404 0.999929993348894 189.608775433544
0.999930619696204 0.00171047355007747 -0.0116546160039397 -0.221196466717145 -0.00171274774903114 0.999998516105354 -0.00018515463369407 -2.92406186960572 0.0116542820076138 0.000205103204935905 0.999932065514234 190.859056957119
0.999931548042842 0.00181341478955037 -0.0115590118715378 -0.243450517617657 -0.00179059200290085 0.999996427760344 0.00198450165803957 -2.949127976624 0.0115625693046337 -0.00196366834079848 0.999931223133733 192.106617165856
0.999940934253999 0.00118237809136068 -0.0108041651824528 -0.264189290795236 -0.00115208846932693 0.9999953902316 0.0028093073362845 -2.97183845087656 0.0108074370411999 -0.00279669404832352 0.999937686962043 193.352560604455
0.99995403127008 0.00116627230242308 -0.00951709806786019 -0.282863074765321 -0.001144910266797 0.999996813931084 0.00224973513147746 -2.99417172763437 0.0095196915495015 -0.00223873549072281 0.999952180624756 194.581411571267
0.999967166591692 6.65859734065177e-05 -0.00810316634971101 -0.299749457167794 -6.06113151525023e-05 0.999999726160375 0.000737567246957602 -3.01625438634479 0.00810321324237606 -0.000737051886541673 0.999966896796922 195.839142575752
0.999976122397878 -0.000200443617988222 -0.00690756516151435 -0.314180568259283 0.000195529156950224 0.99999972732052 -0.000712128663795487 -3.04049901309407 0.00690770601960892 0.000710761029477983 0.999975888917481 197.054921077752
0.99998429005511 -0.000944581081040654 -0.00552516149610101 -0.327019220155839 0.000937500585476197 0.999998736281991 -0.00128394979366157 -3.0656981570548 0.00552636730853903 0.00127874978074363 0.999983911902271 198.288559405149
0.999990855480077 -0.000663490348519661 -0.00422477653622016 -0.339474671838396 0.000661170354416686 0.999999629894502 -0.00055051305248664 -3.09062605669076 0.0042251402327042 0.00054771472130928 0.999990924058113 199.527404297497
0.999995298716416 -0.00109618906755833 -0.00286372390323057 -0.351653559879146 0.0010999056787472 0.999998554553014 0.00129657216582477 -3.11424693235808 0.00286229847563601 -0.00129971589645485 0.999995058980806 200.746403762376
0.999998440468585 -0.000134168121992613 -0.00176098248521725 -0.361170097351201 0.000137255890462068 0.999998453318431 0.00175343136905877 -3.13852937651755 0.00176074450694426 -0.00175367033974656 0.999996912204793 201.981081170589
0.99999968136949 -0.000454497422933258 -0.000656272055475307 -0.368788818327984 0.000455698859685866 0.999998218583813 0.00183171169956864 -3.1607939139304 0.000655438378134634 -0.00183201017835673 0.999998107067828 203.193070803158
0.999999925176733 -4.93082682542161e-06 0.000386810310416033 -0.376391514301794 4.16527560575344e-06 0.999998041542406 0.00197911444937721 -3.18349175765186 -0.000386819311535061 -0.00197911269012185 0.999997966739823 204.392587959665
0.999998929726783 -0.000154916307002187 0.00145483546371268 -0.381309449916364 0.000151730363663249 0.999997590973615 0.00218975452129944 -3.20635803451591 -0.00145517118765934 -0.00218953143494984 0.999996544208484 205.583714105811
0.999997330369141 0.000200087294983884 0.00230200340273303 -0.386334454766874 -0.000204741595401012 0.999997935221337 0.00202178978671285 -3.22781140612557 -0.00230159411515607 -0.00202225570512974 0.999995306562182 206.770946076378
0.99999492565935 0.0001524033995758 0.00318204788686967 -0.390622308394604 -0.000158990598346454 0.999997844985887 0.00206996269819015 -3.24932567254179 -0.00318172556015937 -0.00207045811019179 0.99999279488688 207.942386697794
0.999993043350236 -0.000955623667420059 0.00360555606509154 -0.390525488817724 0.000947745265274084 0.999997161261868 0.00218614892410666 -3.27361448581676 -0.00360763496551443 -0.00218271656714489 0.999991110319658 209.115210874195
0.999992170128894 -0.00109191083010611 0.00380360508528988 -0.392883801002466 0.00108061916229207 0.999995007253464 0.0029694663445649 -3.29529547685807 -0.00380682848731503 -0.00296533284548521 0.999988357361216 210.26249389885
